
 **** INPUT FILE VPSC.IN FOR THIS RUN ****
1                        number of elements (nelem)                             
2                        number of phases (nph)                                 
0.55628 0.44372          relative vol. fract. of phases (wph(i))                
*INFORMATION ABOUT PHASE #1                                                     
0 0 25                   grain shape contrl, fragmentn, crit aspect ratio       
1 1 1                    initial ellipsoid ratios (dummy if ishape=4            
0 0 0                    init Eul ang ellips axes (dummy if ishape=3,4)         
* name and path of texture file (filetext)                                      
betaTex.tex                                                                     
* name and path of single crystal file (filecrys)                               
beta.SX                                                                         
* name and path of grain shape file (dummy if ishape=0) (fileaxes)              
betaShape.morph                                                                 
*INFORMATION ABOUT PHASE #2                                                     
0 0 25                   grain shape contrl, fragmentn, crit aspect ratio       
1 1 1                    initial ellipsoid ratios (dummy if ishape=4            
0 0 0                    init Eul ang ellips axes (dummy if ishape=3,4)         
* name and path of texture file (filetext)                                      
alphaTex.tex                                                                    
* name and path of single crystal file (filecrys)                               
alpha.SX                                                                        
* name and path of grain shape file (dummy if ishape=0) (fileaxes)              
alphaShape.morph                                                                
*PRECISION SETTINGS FOR CONVERGENCE PROCEDURES                                  
0.001 0.001 0.001 0.001  errs,errd,errm,errso                                   
100 100 25               itmax:   max # of iter, external, internal and SO loops
0 2 10 2                 irsvar & jrsini,jrsfin,jrstep (dummy if irsvar=0)      
1                        ibcinv (0: don't use <Bc>**-1, 1: use <Bc>**-1 in SC eq
*INPUT/OUTPUT SETTINGS FOR THE RUN (default is zero)                            
0                        irecover:read grain states from POSTMORT.IN (1) or not 
0                        isave:   write grain states in POSTMORT.OUT at step 'is
0                        icubcomp:calculate fcc rolling components?             
0                        nwrite (frequency of texture downloads)                
*MODELING CONDITIONS FOR THE RUN                                                
3                        interaction (0:FC,1:affine,2:secant,3:neff=10,4:tangent
1 1 1                    iupdate: update orient, grain shape, hardening         
0                        nneigh (0 for no neighbors, 1 for pairs, etc.)         
0                        iflu (0: don't calc, 1: calc fluctuations)             
*NUMBER OF PROCESSES (Lij const; Lij variable; PCYS ;LANKFORD; rigid rotatn)    
1                                                                               
*IVGVAR AND PATH\NAME OF FILE FOR EACH PROCESS (dummy if ivgvar=2,3)            
0                                                                               
VelGrad.def                                                                     

IPH=  0  FIJPH     1.0000   0.0000   0.0000   0.0000   1.0000   0.0000   0.0000   0.0000   1.0000
         EIGNVAL   1.0000   1.0000   1.0000
         EIGNVEC   1.0000  -0.0000   0.0000   0.0000  -0.0000   1.0000   0.0000  -1.0000   0.0000

 **** CRYSTAL DATA FILE ****
*Material: Ti-6242                                                              
CUBIC                                crysym                                     
1	1	1.000000		90	90	90         cdim(i),cang(i)                                  
*Elastic stiffness of single crystal [MPa]                                      
135e3	113e3	113e3	0  		0  		0  		                                               
113e3	113e3	135e3	0  		0  		0  		                                               
113e3	113e3	135e3	0  		0  		0  		                                               
0  		0  		0  		54.9e3	0  		0  		                                                
0  		0  		0  		0  		54.9e3	0  		                                                
0  		0  		0  		0  		0  		54.9e3	                                                
*Thermal expansion coefficients of single crystal[K^(-1)]                       
0 0 0 0 0 0                                                                     
SLIP AND TWINNING MODES                                                         
3                                nmodesx                                        
3                                nmodes                                         
1 2 3                                 mode(i)                                   
   {110}<111> SLIP                                                              
1 12 1 0                       modex,nsmx,iopsysx,itwtypex                      
0 1 1   1 1 -1                                                                  
1 0 1   1 1 -1                                                                  
1 -1 0   1 1 -1                                                                 
0 1 -1   1 -1 -1                                                                
1 0 1   1 -1 -1                                                                 
1 1 0   1 -1 -1                                                                 
0 1 1   1 -1 1                                                                  
1 0 -1   1 -1 1                                                                 
1 1 0   1 -1 1                                                                  
0 1 -1   1 1 1                                                                  
1 0 -1   1 1 1                                                                  
1 -1 0   1 1 1                                                                  
   {112}<111> SLIP                                                              
2 12 1 0                       modex,nsmx,iopsysx,itwtypex                      
-2 1 -1   -1 -1 1                                                               
1 -2 -1   -1 -1 1                                                               
1 1 2   -1 -1 1                                                                 
-2 -1 -1   -1 1 1                                                               
1 2 -1   -1 1 1                                                                 
1 -1 2   -1 1 1                                                                 
2 1 -1   1 -1 1                                                                 
-1 -2 -1   1 -1 1                                                               
-1 1 2   1 -1 1                                                                 
2 -1 -1   1 1 1                                                                 
-1 2 -1   1 1 1                                                                 
-1 -1 2   1 1 1                                                                 
   {123}<111> SLIP                                                              
3 24 1 0                       modex,nsmx,iopsysx,itwtypex                      
1 2 3   1 1 -1                                                                  
-1 3 2   1 1 -1                                                                 
2 1 3   1 1 -1                                                                  
-2 3 1   1 1 -1                                                                 
3 -1 2   1 1 -1                                                                 
3 -2 1   1 1 -1                                                                 
-1 2 -3   1 -1 -1                                                               
1 3 -2   1 -1 -1                                                                
2 -1 3   1 -1 -1                                                                
2 3 -1   1 -1 -1                                                                
3 1 2   1 -1 -1                                                                 
3 2 1   1 -1 -1                                                                 
1 -2 -3   1 -1 1                                                                
1 3 2   1 -1 1                                                                  
2 -1 -3   1 -1 1                                                                
2 3 1   1 -1 1                                                                  
3 1 -2   1 -1 1                                                                 
3 2 -1   1 -1 1                                                                 
1 2 -3   1 1 1                                                                  
1 -3 2   1 1 1                                                                  
2 1 -3   1 1 1                                                                  
2 -3 1   1 1 1                                                                  
-3 1 2   1 1 1                                                                  
-3 2 1   1 1 1                                                                  
CONSTITUTIVE LAW                                                                
0           Voce = 0, MTS=1                                                     
1           iratesens (0:rate insensitive, 1:rate sensitive)                    
50           grsze --> grain size only matters if HPfactor is nonzero           
   {110}<111> SLIP----------------------------------------------------          
20                                             nrsx                             
30.0000 0.00000 0.00000 0.00000 0.00000            tau0x,tau1x,thet0,thet1, hpfa
0.00000 0.00000 0.00000        hlatex(1,im),im=1,nmodes                         
   {112}<111> SLIP----------------------------------------------------          
20                                             nrsx                             
30.0000 0.00000 0.00000 0.00000 0.00000            tau0x,tau1x,thet0,thet1, hpfa
0.00000 0.00000 0.00000        hlatex(1,im),im=1,nmodes                         
   {123}<111> SLIP----------------------------------------------------          
20                                             nrsx                             
30.0000 0.00000 0.00000 0.00000 0.00000            tau0x,tau1x,thet0,thet1, hpfa
0.00000 0.00000 0.00000        hlatex(1,im),im=1,nmodes                         
**** END OF CRYSTAL DATA FILE ****


  N & B FOR MODE  1 IN PHASE  1
     0.000     0.707     0.707        0.577     0.577    -0.577
     0.707     0.000     0.707        0.577     0.577    -0.577
     0.707    -0.707     0.000        0.577     0.577    -0.577
     0.000     0.707    -0.707        0.577    -0.577    -0.577
     0.707     0.000     0.707        0.577    -0.577    -0.577
     0.707     0.707     0.000        0.577    -0.577    -0.577
     0.000     0.707     0.707        0.577    -0.577     0.577
     0.707     0.000    -0.707        0.577    -0.577     0.577
     0.707     0.707     0.000        0.577    -0.577     0.577
     0.000     0.707    -0.707        0.577     0.577     0.577
     0.707     0.000    -0.707        0.577     0.577     0.577
     0.707    -0.707     0.000        0.577     0.577     0.577
  N & B FOR MODE  2 IN PHASE  1
    -0.816     0.408    -0.408       -0.577    -0.577     0.577
     0.408    -0.816    -0.408       -0.577    -0.577     0.577
     0.408     0.408     0.816       -0.577    -0.577     0.577
    -0.816    -0.408    -0.408       -0.577     0.577     0.577
     0.408     0.816    -0.408       -0.577     0.577     0.577
     0.408    -0.408     0.816       -0.577     0.577     0.577
     0.816     0.408    -0.408        0.577    -0.577     0.577
    -0.408    -0.816    -0.408        0.577    -0.577     0.577
    -0.408     0.408     0.816        0.577    -0.577     0.577
     0.816    -0.408    -0.408        0.577     0.577     0.577
    -0.408     0.816    -0.408        0.577     0.577     0.577
    -0.408    -0.408     0.816        0.577     0.577     0.577
  N & B FOR MODE  3 IN PHASE  1
     0.267     0.535     0.802        0.577     0.577    -0.577
    -0.267     0.802     0.535        0.577     0.577    -0.577
     0.535     0.267     0.802        0.577     0.577    -0.577
    -0.535     0.802     0.267        0.577     0.577    -0.577
     0.802    -0.267     0.535        0.577     0.577    -0.577
     0.802    -0.535     0.267        0.577     0.577    -0.577
    -0.267     0.535    -0.802        0.577    -0.577    -0.577
     0.267     0.802    -0.535        0.577    -0.577    -0.577
     0.535    -0.267     0.802        0.577    -0.577    -0.577
     0.535     0.802    -0.267        0.577    -0.577    -0.577
     0.802     0.267     0.535        0.577    -0.577    -0.577
     0.802     0.535     0.267        0.577    -0.577    -0.577
     0.267    -0.535    -0.802        0.577    -0.577     0.577
     0.267     0.802     0.535        0.577    -0.577     0.577
     0.535    -0.267    -0.802        0.577    -0.577     0.577
     0.535     0.802     0.267        0.577    -0.577     0.577
     0.802     0.267    -0.535        0.577    -0.577     0.577
     0.802     0.535    -0.267        0.577    -0.577     0.577
     0.267     0.535    -0.802        0.577     0.577     0.577
     0.267    -0.802     0.535        0.577     0.577     0.577
     0.535     0.267    -0.802        0.577     0.577     0.577
     0.535    -0.802     0.267        0.577     0.577     0.577
    -0.802     0.267     0.535        0.577     0.577     0.577
    -0.802     0.535     0.267        0.577     0.577     0.577

 **** CRYST TEXTURE (FIRST FEW LINES) ****
                                                                                
                                                                                
                                                                                
B 1000                                                                          
 352.22    0.12    0.00   0.0005563                                             
 352.22    0.12    0.00   0.0005563                                             
 352.22    0.12    0.00   0.0005563                                             
 352.22    0.12    0.00   0.0005563                                             
 352.22    0.12    0.00   0.0005563                                             
 352.22    0.12    0.00   0.0005563                                             
    .........................
 **** END OF CRYST TEXTURE DATA FILE ****

IPH=  1  FIJPH     1.0000   0.0000   0.0000   0.0000   1.0000   0.0000   0.0000   0.0000   1.0000
         EIGNVAL   1.0000   1.0000   1.0000
         EIGNVEC   1.0000  -0.0000   0.0000   0.0000  -0.0000   1.0000   0.0000  -1.0000   0.0000

 **** CRYSTAL DATA FILE ****
*Material: Ti-6242                                                              
HEXAGONAL                                crysym                                 
1	1	1.594000		90	90	120         cdim(i),cang(i)                                 
*Elastic stiffness of single crystal [MPa]                                      
141e3	76.9e3	57.9e3	0  		0  		0  		                                             
76.9e3	141e3	57.9e3	0  		0  		0  		                                             
57.9e3	57.9e3	163e3	0  		0  		0  		                                             
0  		0  		0  		48.7e3	0  		0  		                                                
0  		0  		0  		0  		48.7e3	0  		                                                
0  		0  		0  		0  		0  		32.05e3	                                               
*Thermal expansion coefficients of single crystal[K^(-1)]                       
5.7e-6 5.7e-6 10.3e-6 0 0 0                                                     
SLIP AND TWINNING MODES                                                         
4                                nmodesx                                        
4                                nmodes                                         
1 2 3 4                                 mode(i)                                 
PRISMATIC                                                                       
1 3 1 0                       modex,nsmx,iopsysx,itwtypex                       
1 0 -1 0   -1 2 -1 0                                                            
0 -1 1 0   2 -1 -1 0                                                            
-1 1 0 0   -1 -1 2 0                                                            
BASAL                                                                           
2 3 1 0                       modex,nsmx,iopsysx,itwtypex                       
0 0 0 1   2 -1 -1 0                                                             
0 0 0 1   -1 2 -1 0                                                             
0 0 0 1   -1 -1 2 0                                                             
PYRAMIDAL<c+a>                                                                  
3 12 1 0                       modex,nsmx,iopsysx,itwtypex                      
1 0 -1 1   2 -1 -1 -3                                                           
1 0 -1 1   1 1 -2 -3                                                            
0 1 -1 1   1 1 -2 -3                                                            
0 1 -1 1   -1 2 -1 -3                                                           
-1 1 0 1   -1 2 -1 -3                                                           
-1 1 0 1   -2 1 1 -3                                                            
-1 0 1 1   -2 1 1 -3                                                            
-1 0 1 1   -1 -1 2 -3                                                           
0 -1 1 1   -1 -1 2 -3                                                           
0 -1 1 1   1 -2 1 -3                                                            
1 -1 0 1   0 -1 2 -3                                                            
1 -1 0 1   2 -1 -1 -3                                                           
PYRAMIDAL<a>                                                                    
4 6 1 0                       modex,nsmx,iopsysx,itwtypex                       
1 0 -1 1   -1 2 -1 0                                                            
0 -1 1 1   2 -1 -1 0                                                            
-1 1 0 1   -1 -1 2 0                                                            
-1 0 1 1   -1 2 -1 0                                                            
0 1 -1 1   2 -1 -1 0                                                            
1 -1 0 1   1 1 -2 0                                                             
CONSTITUTIVE LAW                                                                
0           Voce = 0, MTS=1                                                     
1           iratesens (0:rate insensitive, 1:rate sensitive)                    
50           grsze --> grain size only matters if HPfactor is nonzero           
PRISMATIC----------------------------------------------------                   
20                                             nrsx                             
100.000 0.00000 0.00000 0.00000 0.00000            tau0x,tau1x,thet0,thet1, hpfa
0.00000 0.00000 0.00000 0.00000        hlatex(1,im),im=1,nmodes                 
BASAL----------------------------------------------------                       
20                                             nrsx                             
110.000 0.00000 0.00000 0.00000 0.00000            tau0x,tau1x,thet0,thet1, hpfa
0.00000 0.00000 0.00000 0.00000        hlatex(1,im),im=1,nmodes                 
PYRAMIDAL<c+a>----------------------------------------------------              
20                                             nrsx                             
300.000 0.00000 0.00000 0.00000 0.00000            tau0x,tau1x,thet0,thet1, hpfa
0.00000 0.00000 0.00000 0.00000        hlatex(1,im),im=1,nmodes                 
PYRAMIDAL<a>----------------------------------------------------                
20                                             nrsx                             
95.0000 0.00000 0.00000 0.00000 0.00000            tau0x,tau1x,thet0,thet1, hpfa
0.00000 0.00000 0.00000 0.00000        hlatex(1,im),im=1,nmodes                 
**** END OF CRYSTAL DATA FILE ****


  N & B FOR MODE  1 IN PHASE  2
     0.866     0.500     0.000       -0.500     0.866     0.000
     0.000    -1.000     0.000        1.000     0.000     0.000
    -0.866     0.500     0.000       -0.500    -0.866     0.000
  N & B FOR MODE  2 IN PHASE  2
     0.000     0.000     1.000        1.000     0.000     0.000
     0.000     0.000     1.000       -0.500     0.866     0.000
     0.000     0.000     1.000       -0.500    -0.866     0.000
  N & B FOR MODE  3 IN PHASE  2
     0.761     0.439     0.477        0.531     0.000    -0.847
     0.761     0.439     0.477        0.266     0.460    -0.847
     0.000     0.879     0.477        0.266     0.460    -0.847
     0.000     0.879     0.477       -0.266     0.460    -0.847
    -0.761     0.439     0.477       -0.266     0.460    -0.847
    -0.761     0.439     0.477       -0.531     0.000    -0.847
    -0.761    -0.439     0.477       -0.531     0.000    -0.847
    -0.761    -0.439     0.477       -0.266    -0.460    -0.847
     0.000    -0.879     0.477       -0.266    -0.460    -0.847
     0.000    -0.879     0.477        0.266    -0.460    -0.847
     0.761    -0.439     0.477       -0.091    -0.475    -0.875
     0.761    -0.439     0.477        0.531     0.000    -0.847
  N & B FOR MODE  4 IN PHASE  2
     0.761     0.439     0.477       -0.500     0.866     0.000
     0.000    -0.879     0.477        1.000     0.000     0.000
    -0.761     0.439     0.477       -0.500    -0.866     0.000
    -0.761    -0.439     0.477       -0.500     0.866     0.000
     0.000     0.879     0.477        1.000     0.000     0.000
     0.761    -0.439     0.477        0.500     0.866     0.000

 **** CRYST TEXTURE (FIRST FEW LINES) ****
                                                                                
                                                                                
                                                                                
B 1000                                                                          
 140.95   91.57  328.63   0.0004437                                             
 140.95   91.57  328.63   0.0004437                                             
 140.95   91.57  328.63   0.0004437                                             
 140.95   91.57  328.63   0.0004437                                             
 140.95   91.57  328.63   0.0004437                                             
 140.95   91.57  328.63   0.0004437                                             
    .........................
 **** END OF CRYST TEXTURE DATA FILE ****

IPH=  2  FIJPH     1.0000   0.0000   0.0000   0.0000   1.0000   0.0000   0.0000   0.0000   1.0000
         EIGNVAL   1.0000   1.0000   1.0000
         EIGNVEC   1.0000  -0.0000   0.0000   0.0000  -0.0000   1.0000   0.0000  -1.0000   0.0000

 UB ELASTIC STIFFNESS (VOIGT NOTATION)
  0.1440E+06  0.8588E+05  0.9386E+05  0.2012E+03 -0.8982E+02  0.8815E+04
  0.8588E+05  0.1342E+06  0.1039E+06 -0.2468E+03  0.1555E+03 -0.5683E+04
  0.9363E+05  0.9189E+05  0.1377E+06 -0.3356E+02 -0.9560E+02 -0.4123E+04
  0.2017E+03 -0.2218E+03 -0.8166E+01  0.4922E+05  0.3611E+04 -0.1140E+03
 -0.8976E+02  0.1589E+03 -0.9213E+02  0.3611E+04  0.4770E+05 -0.1348E+03
  0.8815E+04 -0.5683E+04 -0.2481E+04 -0.1174E+03 -0.1352E+03  0.4947E+05


  ELASTIC ESHELBY TENSOR (VOIGT NOTATION)
     0.47496     0.09601     0.08914     0.00081    -0.00008     0.02969
     0.12572     0.43924     0.19800    -0.00080     0.00047    -0.03363
     0.11416     0.19084     0.44799     0.00033    -0.00013    -0.00168
     0.00110    -0.00045     0.00069     0.27343     0.00959    -0.00033
     0.00005     0.00065     0.00002     0.00984     0.27205    -0.00037
     0.02940    -0.03417    -0.00260    -0.00034    -0.00037     0.27343

SC ELASTIC STIFFNESS (VOIGT NOTATION)
  0.1375E+06  0.9019E+05  0.9161E+05  0.1634E+03 -0.8253E+02  0.9930E+04
  0.9019E+05  0.1233E+06  0.1034E+06 -0.2379E+03  0.9724E+02 -0.8711E+04
  0.9161E+05  0.1034E+06  0.1285E+06  0.1971E+02 -0.5607E+02 -0.1197E+04
  0.1634E+03 -0.2379E+03  0.1971E+02  0.4852E+05  0.4336E+04 -0.1246E+03
 -0.8253E+02  0.9724E+02 -0.5607E+02  0.4336E+04  0.4669E+05 -0.1775E+03
  0.9930E+04 -0.8711E+04 -0.1197E+04 -0.1246E+03 -0.1775E+03  0.4834E+05

SC ELASTIC COMPLIANCE (VOIGT NOTATION)
  0.1632E-04 -0.7648E-05 -0.5529E-05 -0.5267E-07  0.1471E-07 -0.2434E-05
 -0.7648E-05  0.2933E-04 -0.1809E-04  0.1007E-06 -0.4533E-07  0.3204E-05
 -0.5529E-05 -0.1809E-04  0.2627E-04 -0.4503E-07  0.3110E-07 -0.7365E-06
 -0.5267E-07  0.1007E-06 -0.4503E-07  0.5196E-05 -0.4825E-06  0.2555E-07
  0.1471E-07 -0.4533E-07  0.3110E-07 -0.4825E-06  0.5399E-05  0.1337E-07
 -0.2434E-05  0.3204E-05 -0.7365E-06  0.2555E-07  0.1337E-07  0.5701E-05

*** LOAD CONDITIONS FOR THIS RUN
50	3	0.01	298			nsteps	ictrl	eqincr	temp                                        
* boundary conditions                                                           
1	1	1		iudot	|	flag for vel.grad.                                               
1	1	1				|	(0:unknown-1:known)                                                  
1	1	1				|                                                                      
						|                                                                         
1	0	0		udot	|	vel.grad                                                          
0	0	0				|                                                                      
0	0	-1				|                                                                     
						|                                                                         
0	0	0		iscau	|	flag for Cauchy                                                  
	0	0				|                                                                       
		0				|                                                                        
						|                                                                         
0	0	0		scauchy	|	Cauchy stress                                                  
	0	0				|                                                                       
		0				|                                                                        

*******   STEP   1      *** NEFF=10 CALCULATION                

 xmctg after gr rate for grain  301
  0.8840E-02  0.1175E-01 -0.7628E-05 -0.5085E-05 -0.1146E-02
  0.1175E-01  0.2209E-01  0.1831E-04  0.2877E-05 -0.1722E-03
 -0.7628E-05  0.1831E-04  0.6991E-02  0.8963E-03 -0.2306E-05
 -0.5085E-05  0.2877E-05  0.8963E-03  0.7348E-03  0.1190E-04
 -0.1146E-02 -0.1722E-03 -0.2306E-05  0.1190E-04  0.6611E-02

 xmctg after gr rate for grain  302
  0.8840E-02  0.1175E-01 -0.7628E-05 -0.5085E-05 -0.1146E-02
  0.1175E-01  0.2209E-01  0.1831E-04  0.2877E-05 -0.1722E-03
 -0.7628E-05  0.1831E-04  0.6991E-02  0.8963E-03 -0.2306E-05
 -0.5085E-05  0.2877E-05  0.8963E-03  0.7348E-03  0.1190E-04
 -0.1146E-02 -0.1722E-03 -0.2306E-05  0.1190E-04  0.6611E-02

 xmctg after gr rate for grain  303
  0.8840E-02  0.1175E-01 -0.7628E-05 -0.5085E-05 -0.1146E-02
  0.1175E-01  0.2209E-01  0.1831E-04  0.2877E-05 -0.1722E-03
 -0.7628E-05  0.1831E-04  0.6991E-02  0.8963E-03 -0.2306E-05
 -0.5085E-05  0.2877E-05  0.8963E-03  0.7348E-03  0.1190E-04
 -0.1146E-02 -0.1722E-03 -0.2306E-05  0.1190E-04  0.6611E-02

 xmctg after gr rate for grain  304
  0.8840E-02  0.1175E-01 -0.7628E-05 -0.5085E-05 -0.1146E-02
  0.1175E-01  0.2209E-01  0.1831E-04  0.2877E-05 -0.1722E-03
 -0.7628E-05  0.1831E-04  0.6991E-02  0.8963E-03 -0.2306E-05
 -0.5085E-05  0.2877E-05  0.8963E-03  0.7348E-03  0.1190E-04
 -0.1146E-02 -0.1722E-03 -0.2306E-05  0.1190E-04  0.6611E-02

 xmctg after gr rate for grain  305
  0.8840E-02  0.1175E-01 -0.7628E-05 -0.5085E-05 -0.1146E-02
  0.1175E-01  0.2209E-01  0.1831E-04  0.2877E-05 -0.1722E-03
 -0.7628E-05  0.1831E-04  0.6991E-02  0.8963E-03 -0.2306E-05
 -0.5085E-05  0.2877E-05  0.8963E-03  0.7348E-03  0.1190E-04
 -0.1146E-02 -0.1722E-03 -0.2306E-05  0.1190E-04  0.6611E-02
IPH=  0  FIJPH     1.0100   0.0000   0.0000   0.0000   1.0000   0.0000   0.0000   0.0000   0.9900
         EIGNVAL   1.0000   1.0100   0.9900
         EIGNVEC   0.0000  -1.0000   0.0000   1.0000  -0.0000   0.0000   0.0000  -0.0000   1.0000
IPH=  1  FIJPH     1.0171   0.0003   0.0000   0.0003   1.0001  -0.0001   0.0000  -0.0001   0.9828
         EIGNVAL   1.0001   1.0171   0.9828
         EIGNVEC  -0.0182  -0.9998  -0.0013   0.9998  -0.0182   0.0061  -0.0061  -0.0012   1.0000
IPH=  2  FIJPH     1.0011  -0.0003  -0.0001  -0.0004   0.9999   0.0001  -0.0000   0.0001   0.9990
         EIGNVAL   0.9998   1.0012   0.9990
         EIGNVEC   0.2781  -0.9605  -0.0012   0.9509   0.2755  -0.1408   0.1355   0.0380   0.9900

*******   STEP   2      *** NEFF=10 CALCULATION                
IPH=  0  FIJPH     1.0201   0.0000   0.0000   0.0000   1.0000   0.0000   0.0000   0.0000   0.9801
         EIGNVAL   1.0000   1.0201   0.9801
         EIGNVEC   0.0000  -1.0000   0.0000   1.0000  -0.0000   0.0000   0.0000  -0.0000   1.0000
IPH=  1  FIJPH     1.0344   0.0005   0.0001   0.0007   1.0002  -0.0002   0.0001  -0.0002   0.9660
         EIGNVAL   1.0002   1.0344   0.9660
         EIGNVEC  -0.0181  -0.9998  -0.0013   0.9998  -0.0181   0.0060  -0.0060  -0.0012   1.0000
IPH=  2  FIJPH     1.0023  -0.0007  -0.0001  -0.0009   0.9998   0.0003  -0.0001   0.0002   0.9980
         EIGNVAL   0.9996   1.0025   0.9979
         EIGNVEC   0.2776  -0.9607  -0.0010   0.9513   0.2751  -0.1392   0.1340   0.0377   0.9903

*******   STEP   3      *** NEFF=10 CALCULATION                
IPH=  0  FIJPH     1.0303   0.0000   0.0000   0.0000   1.0000   0.0000   0.0000   0.0000   0.9703
         EIGNVAL   1.0000   1.0303   0.9703
         EIGNVEC   0.0000  -1.0000   0.0000   1.0000  -0.0000   0.0000   0.0000  -0.0000   1.0000
IPH=  1  FIJPH     1.0521   0.0008   0.0001   0.0011   1.0003  -0.0003   0.0001  -0.0003   0.9494
         EIGNVAL   1.0003   1.0521   0.9494
         EIGNVEC  -0.0182  -0.9998  -0.0013   0.9998  -0.0182   0.0060  -0.0060  -0.0011   1.0000
IPH=  2  FIJPH     1.0034  -0.0010  -0.0002  -0.0013   0.9997   0.0004  -0.0001   0.0004   0.9969
         EIGNVAL   0.9994   1.0038   0.9969
         EIGNVEC   0.2771  -0.9608  -0.0009   0.9517   0.2746  -0.1376   0.1325   0.0373   0.9905

*******   STEP   4      *** NEFF=10 CALCULATION                
IPH=  0  FIJPH     1.0406   0.0000   0.0000   0.0000   1.0000   0.0000   0.0000   0.0000   0.9606
         EIGNVAL   1.0000   1.0406   0.9606
         EIGNVEC   0.0000  -1.0000   0.0000   1.0000  -0.0000   0.0000   0.0000  -0.0000   1.0000
IPH=  1  FIJPH     1.0700   0.0011   0.0002   0.0014   1.0004  -0.0004   0.0001  -0.0004   0.9331
         EIGNVAL   1.0004   1.0700   0.9331
         EIGNVEC  -0.0183  -0.9998  -0.0012   0.9998  -0.0183   0.0059  -0.0059  -0.0011   1.0000
IPH=  2  FIJPH     1.0046  -0.0014  -0.0002  -0.0017   0.9995   0.0005  -0.0002   0.0005   0.9959
         EIGNVAL   0.9992   1.0050   0.9958
         EIGNVEC   0.2767  -0.9610  -0.0008   0.9520   0.2742  -0.1360   0.1309   0.0369   0.9907

*******   STEP   5      *** NEFF=10 CALCULATION                
IPH=  0  FIJPH     1.0510   0.0000   0.0000   0.0000   1.0000   0.0000   0.0000   0.0000   0.9510
         EIGNVAL   1.0000   1.0510   0.9510
         EIGNVEC   0.0000  -1.0000   0.0000   1.0000  -0.0000   0.0000   0.0000  -0.0000   1.0000
IPH=  1  FIJPH     1.0882   0.0014   0.0002   0.0018   1.0005  -0.0005   0.0002  -0.0005   0.9172
         EIGNVAL   1.0004   1.0882   0.9172
         EIGNVEC  -0.0184  -0.9998  -0.0012   0.9998  -0.0184   0.0059  -0.0059  -0.0011   1.0000
IPH=  2  FIJPH     1.0058  -0.0018  -0.0003  -0.0021   0.9994   0.0007  -0.0002   0.0006   0.9948
         EIGNVAL   0.9989   1.0064   0.9947
         EIGNVEC   0.2762  -0.9611  -0.0006   0.9524   0.2737  -0.1343   0.1293   0.0365   0.9909

*******   STEP   6      *** NEFF=10 CALCULATION                
IPH=  0  FIJPH     1.0615   0.0000   0.0000   0.0000   1.0000   0.0000   0.0000   0.0000   0.9415
         EIGNVAL   1.0000   1.0615   0.9415
         EIGNVEC   0.0000  -1.0000   0.0000   1.0000  -0.0000   0.0000   0.0000  -0.0000   1.0000
IPH=  1  FIJPH     1.1067   0.0017   0.0003   0.0022   1.0006  -0.0006   0.0002  -0.0005   0.9015
         EIGNVAL   1.0005   1.1068   0.9015
         EIGNVEC  -0.0186  -0.9998  -0.0012   0.9998  -0.0186   0.0058  -0.0058  -0.0011   1.0000
IPH=  2  FIJPH     1.0070  -0.0021  -0.0003  -0.0026   0.9993   0.0008  -0.0003   0.0007   0.9938
         EIGNVAL   0.9987   1.0077   0.9937
         EIGNVEC   0.2757  -0.9613  -0.0005   0.9527   0.2733  -0.1326   0.1276   0.0361   0.9912

*******   STEP   7      *** NEFF=10 CALCULATION                
IPH=  0  FIJPH     1.0721   0.0000   0.0000   0.0000   1.0000   0.0000   0.0000   0.0000   0.9321
         EIGNVAL   1.0000   1.0721   0.9321
         EIGNVEC   0.0000  -1.0000   0.0000   1.0000  -0.0000   0.0000   0.0000  -0.0000   1.0000
IPH=  1  FIJPH     1.1255   0.0020   0.0003   0.0026   1.0007  -0.0007   0.0002  -0.0006   0.8861
         EIGNVAL   1.0006   1.1256   0.8861
         EIGNVEC  -0.0188  -0.9998  -0.0012   0.9998  -0.0188   0.0058  -0.0058  -0.0011   1.0000
IPH=  2  FIJPH     1.0083  -0.0025  -0.0004  -0.0030   0.9992   0.0009  -0.0003   0.0008   0.9927
         EIGNVAL   0.9985   1.0091   0.9925
         EIGNVEC   0.2751  -0.9614  -0.0003   0.9531   0.2728  -0.1309   0.1259   0.0357   0.9914

*******   STEP   8      *** NEFF=10 CALCULATION                
IPH=  0  FIJPH     1.0829   0.0000   0.0000   0.0000   1.0000   0.0000   0.0000   0.0000   0.9227
         EIGNVAL   1.0000   1.0829   0.9227
         EIGNVEC   0.0000  -1.0000   0.0000   1.0000  -0.0000   0.0000   0.0000  -0.0000   1.0000
IPH=  1  FIJPH     1.1446   0.0023   0.0004   0.0031   1.0008  -0.0008   0.0003  -0.0007   0.8709
         EIGNVAL   1.0007   1.1447   0.8709
         EIGNVEC  -0.0190  -0.9998  -0.0012   0.9998  -0.0190   0.0057  -0.0058  -0.0011   1.0000
IPH=  2  FIJPH     1.0095  -0.0029  -0.0005  -0.0035   0.9990   0.0011  -0.0004   0.0009   0.9915
         EIGNVAL   0.9982   1.0104   0.9914
         EIGNVEC   0.2746  -0.9616  -0.0002   0.9535   0.2723  -0.1291   0.1242   0.0353   0.9916

*******   STEP   9      *** NEFF=10 CALCULATION                
IPH=  0  FIJPH     1.0937   0.0000   0.0000   0.0000   1.0000   0.0000   0.0000   0.0000   0.9135
         EIGNVAL   1.0000   1.0937   0.9135
         EIGNVEC   0.0000  -1.0000   0.0000   1.0000  -0.0000   0.0000   0.0000  -0.0000   1.0000
IPH=  1  FIJPH     1.1640   0.0026   0.0004   0.0035   1.0009  -0.0009   0.0003  -0.0008   0.8561
         EIGNVAL   1.0008   1.1641   0.8561
         EIGNVEC  -0.0192  -0.9998  -0.0012   0.9998  -0.0192   0.0057  -0.0057  -0.0011   1.0000
IPH=  2  FIJPH     1.0108  -0.0033  -0.0005  -0.0039   0.9989   0.0012  -0.0004   0.0010   0.9904
         EIGNVAL   0.9980   1.0119   0.9902
         EIGNVEC   0.2741  -0.9617  -0.0001   0.9539   0.2719  -0.1272   0.1224   0.0348   0.9919

*******   STEP  10      *** NEFF=10 CALCULATION                
IPH=  0  FIJPH     1.1046   0.0000   0.0000   0.0000   1.0000   0.0000   0.0000   0.0000   0.9044
         EIGNVAL   1.0000   1.1046   0.9044
         EIGNVEC   0.0000  -1.0000   0.0000   1.0000  -0.0000   0.0000   0.0000  -0.0000   1.0000
IPH=  1  FIJPH     1.1837   0.0030   0.0005   0.0040   1.0010  -0.0010   0.0003  -0.0008   0.8415
         EIGNVAL   1.0010   1.1837   0.8415
         EIGNVEC  -0.0194  -0.9998  -0.0012   0.9998  -0.0194   0.0057  -0.0057  -0.0011   1.0000
IPH=  2  FIJPH     1.0122  -0.0038  -0.0006  -0.0044   0.9987   0.0013  -0.0005   0.0011   0.9892
         EIGNVAL   0.9977   1.0134   0.9891
         EIGNVEC   0.2736  -0.9619   0.0001   0.9543   0.2714  -0.1254   0.1206   0.0344   0.9921

*******   STEP  11      *** NEFF=10 CALCULATION                
IPH=  0  FIJPH     1.1157   0.0000   0.0000   0.0000   1.0000   0.0000   0.0000   0.0000   0.8953
         EIGNVAL   1.0000   1.1157   0.8953
         EIGNVEC   0.0000  -1.0000   0.0000   1.0000  -0.0000   0.0000   0.0000  -0.0000   1.0000
IPH=  1  FIJPH     1.2036   0.0033   0.0005   0.0045   1.0011  -0.0011   0.0004  -0.0009   0.8272
         EIGNVAL   1.0011   1.2037   0.8272
         EIGNVEC  -0.0197  -0.9998  -0.0012   0.9998  -0.0197   0.0057  -0.0057  -0.0011   1.0000
IPH=  2  FIJPH     1.0136  -0.0042  -0.0006  -0.0048   0.9986   0.0015  -0.0005   0.0012   0.9880
         EIGNVAL   0.9975   1.0149   0.9878
         EIGNVEC   0.2730  -0.9620   0.0002   0.9547   0.2709  -0.1234   0.1187   0.0339   0.9924

*******   STEP  12      *** NEFF=10 CALCULATION                
IPH=  0  FIJPH     1.1268   0.0000   0.0000   0.0000   1.0000   0.0000   0.0000   0.0000   0.8864
         EIGNVAL   1.0000   1.1268   0.8864
         EIGNVEC   0.0000  -1.0000   0.0000   1.0000  -0.0000   0.0000   0.0000  -0.0000   1.0000
IPH=  1  FIJPH     1.2239   0.0037   0.0006   0.0051   1.0013  -0.0012   0.0004  -0.0010   0.8132
         EIGNVAL   1.0012   1.2240   0.8132
         EIGNVEC  -0.0200  -0.9998  -0.0012   0.9998  -0.0200   0.0056  -0.0056  -0.0011   1.0000
IPH=  2  FIJPH     1.0150  -0.0047  -0.0007  -0.0053   0.9984   0.0016  -0.0005   0.0013   0.9868
         EIGNVAL   0.9972   1.0164   0.9866
         EIGNVEC   0.2724  -0.9622   0.0004   0.9551   0.2704  -0.1215   0.1168   0.0335   0.9926

*******   STEP  13      *** NEFF=10 CALCULATION                
IPH=  0  FIJPH     1.1381   0.0000   0.0000   0.0000   1.0000   0.0000   0.0000   0.0000   0.8775
         EIGNVAL   1.0000   1.1381   0.8775
         EIGNVEC   0.0000  -1.0000   0.0000   1.0000  -0.0000   0.0000   0.0000  -0.0000   1.0000
IPH=  1  FIJPH     1.2445   0.0041   0.0006   0.0056   1.0014  -0.0012   0.0004  -0.0010   0.7994
         EIGNVAL   1.0013   1.2446   0.7994
         EIGNVEC  -0.0203  -0.9998  -0.0012   0.9998  -0.0203   0.0056  -0.0056  -0.0011   1.0000
IPH=  2  FIJPH     1.0165  -0.0052  -0.0008  -0.0058   0.9983   0.0017  -0.0006   0.0014   0.9855
         EIGNVAL   0.9969   1.0181   0.9853
         EIGNVEC   0.2719  -0.9623   0.0005   0.9555   0.2699  -0.1194   0.1148   0.0330   0.9928

*******   STEP  14      *** NEFF=10 CALCULATION                
IPH=  0  FIJPH     1.1495   0.0000   0.0000   0.0000   1.0000   0.0000   0.0000   0.0000   0.8687
         EIGNVAL   1.0000   1.1495   0.8687
         EIGNVEC   0.0000  -1.0000   0.0000   1.0000  -0.0000   0.0000   0.0000  -0.0000   1.0000
IPH=  1  FIJPH     1.2654   0.0045   0.0007   0.0062   1.0015  -0.0013   0.0004  -0.0011   0.7859
         EIGNVAL   1.0014   1.2655   0.7859
         EIGNVEC  -0.0206  -0.9998  -0.0012   0.9998  -0.0206   0.0056  -0.0056  -0.0011   1.0000
IPH=  2  FIJPH     1.0180  -0.0057  -0.0009  -0.0063   0.9981   0.0019  -0.0006   0.0015   0.9842
         EIGNVAL   0.9966   1.0197   0.9840
         EIGNVEC   0.2713  -0.9625   0.0007   0.9559   0.2693  -0.1174   0.1128   0.0325   0.9931

*******   STEP  15      *** NEFF=10 CALCULATION                
IPH=  0  FIJPH     1.1610   0.0000   0.0000   0.0000   1.0000   0.0000   0.0000   0.0000   0.8601
         EIGNVAL   1.0000   1.1610   0.8601
         EIGNVEC   0.0000  -1.0000   0.0000   1.0000  -0.0000   0.0000   0.0000  -0.0000   1.0000
IPH=  1  FIJPH     1.2865   0.0049   0.0008   0.0068   1.0017  -0.0014   0.0005  -0.0011   0.7726
