
 **** INPUT FILE VPSC.IN FOR THIS RUN ****
1                        number of elements (nelem)                             
2                        number of phases (nph)                                 
0.55628 0.44372          relative vol. fract. of phases (wph(i))                
*INFORMATION ABOUT PHASE #1                                                     
1 0 25                   grain shape contrl, fragmentn, crit aspect ratio       
1 1 1                    initial ellipsoid ratios (dummy if ishape=4            
0 0 0                    init Eul ang ellips axes (dummy if ishape=3,4)         
* name and path of texture file (filetext)                                      
betaTex.tex                                                                     
* name and path of single crystal file (filecrys)                               
beta.SX                                                                         
* name and path of grain shape file (dummy if ishape=0) (fileaxes)              
betaShape.morph                                                                 
*INFORMATION ABOUT PHASE #2                                                     
0 0 25                   grain shape contrl, fragmentn, crit aspect ratio       
1 1 1                    initial ellipsoid ratios (dummy if ishape=4            
0 0 0                    init Eul ang ellips axes (dummy if ishape=3,4)         
* name and path of texture file (filetext)                                      
alphaTex.tex                                                                    
* name and path of single crystal file (filecrys)                               
alpha.SX                                                                        
* name and path of grain shape file (dummy if ishape=0) (fileaxes)              
alphaShape.morph                                                                
*PRECISION SETTINGS FOR CONVERGENCE PROCEDURES                                  
0.001 0.001 0.001 0.001  errs,errd,errm,errso                                   
100 100 25               itmax:   max # of iter, external, internal and SO loops
0 2 10 2                 irsvar & jrsini,jrsfin,jrstep (dummy if irsvar=0)      
1                        ibcinv (0: don't use <Bc>**-1, 1: use <Bc>**-1 in SC eq
*INPUT/OUTPUT SETTINGS FOR THE RUN (default is zero)                            
0                        irecover:read grain states from POSTMORT.IN (1) or not 
0                        isave:   write grain states in POSTMORT.OUT at step 'is
0                        icubcomp:calculate fcc rolling components?             
0                        nwrite (frequency of texture downloads)                
*MODELING CONDITIONS FOR THE RUN                                                
3                        interaction (0:FC,1:affine,2:secant,3:neff=10,4:tangent
1 1 1                    iupdate: update orient, grain shape, hardening         
0                        nneigh (0 for no neighbors, 1 for pairs, etc.)         
0                        iflu (0: don't calc, 1: calc fluctuations)             
*NUMBER OF PROCESSES (Lij const; Lij variable; PCYS ;LANKFORD; rigid rotatn)    
2                                                                               
*IVGVAR AND PATH\NAME OF FILE FOR EACH PROCESS (dummy if ivgvar=2,3)            
0                                                                               
VelGrad.def                                                                     
4                                                                               
rot.rot                                                                         

IPH=  0  FIJPH     1.0000   0.0000   0.0000   0.0000   1.0000   0.0000   0.0000   0.0000   1.0000
         EIGNVAL   1.0000   1.0000   1.0000
         EIGNVEC   1.0000  -0.0000   0.0000   0.0000  -0.0000   1.0000   0.0000  -1.0000   0.0000

 **** CRYSTAL DATA FILE ****
*Material: Ti-6242                                                              
CUBIC                                crysym                                     
1	1	1.000000		90	90	90         cdim(i),cang(i)                                  
*Elastic stiffness of single crystal [MPa]                                      
135e3	113e3	113e3	0  		0  		0  		                                               
113e3	113e3	135e3	0  		0  		0  		                                               
113e3	113e3	135e3	0  		0  		0  		                                               
0  		0  		0  		54.9e3	0  		0  		                                                
0  		0  		0  		0  		54.9e3	0  		                                                
0  		0  		0  		0  		0  		54.9e3	                                                
*Thermal expansion coefficients of single crystal[K^(-1)]                       
0 0 0 0 0 0                                                                     
SLIP AND TWINNING MODES                                                         
3                                nmodesx                                        
3                                nmodes                                         
1 2 3                                 mode(i)                                   
   {110}<111> SLIP                                                              
1 12 1 0                       modex,nsmx,iopsysx,itwtypex                      
0 1 1   1 1 -1                                                                  
1 0 1   1 1 -1                                                                  
1 -1 0   1 1 -1                                                                 
0 1 -1   1 -1 -1                                                                
1 0 1   1 -1 -1                                                                 
1 1 0   1 -1 -1                                                                 
0 1 1   1 -1 1                                                                  
1 0 -1   1 -1 1                                                                 
1 1 0   1 -1 1                                                                  
0 1 -1   1 1 1                                                                  
1 0 -1   1 1 1                                                                  
1 -1 0   1 1 1                                                                  
   {112}<111> SLIP                                                              
2 12 1 0                       modex,nsmx,iopsysx,itwtypex                      
-2 1 -1   -1 -1 1                                                               
1 -2 -1   -1 -1 1                                                               
1 1 2   -1 -1 1                                                                 
-2 -1 -1   -1 1 1                                                               
1 2 -1   -1 1 1                                                                 
1 -1 2   -1 1 1                                                                 
2 1 -1   1 -1 1                                                                 
-1 -2 -1   1 -1 1                                                               
-1 1 2   1 -1 1                                                                 
2 -1 -1   1 1 1                                                                 
-1 2 -1   1 1 1                                                                 
-1 -1 2   1 1 1                                                                 
   {123}<111> SLIP                                                              
3 24 1 0                       modex,nsmx,iopsysx,itwtypex                      
1 2 3   1 1 -1                                                                  
-1 3 2   1 1 -1                                                                 
2 1 3   1 1 -1                                                                  
-2 3 1   1 1 -1                                                                 
3 -1 2   1 1 -1                                                                 
3 -2 1   1 1 -1                                                                 
-1 2 -3   1 -1 -1                                                               
1 3 -2   1 -1 -1                                                                
2 -1 3   1 -1 -1                                                                
2 3 -1   1 -1 -1                                                                
3 1 2   1 -1 -1                                                                 
3 2 1   1 -1 -1                                                                 
1 -2 -3   1 -1 1                                                                
1 3 2   1 -1 1                                                                  
2 -1 -3   1 -1 1                                                                
2 3 1   1 -1 1                                                                  
3 1 -2   1 -1 1                                                                 
3 2 -1   1 -1 1                                                                 
1 2 -3   1 1 1                                                                  
1 -3 2   1 1 1                                                                  
2 1 -3   1 1 1                                                                  
2 -3 1   1 1 1                                                                  
-3 1 2   1 1 1                                                                  
-3 2 1   1 1 1                                                                  
CONSTITUTIVE LAW                                                                
0           Voce = 0, MTS=1                                                     
1           iratesens (0:rate insensitive, 1:rate sensitive)                    
50           grsze --> grain size only matters if HPfactor is nonzero           
   {110}<111> SLIP----------------------------------------------------          
20                                             nrsx                             
30.0000 0.00000 0.00000 0.00000 0.00000            tau0x,tau1x,thet0,thet1, hpfa
0.00000 0.00000 0.00000        hlatex(1,im),im=1,nmodes                         
   {112}<111> SLIP----------------------------------------------------          
20                                             nrsx                             
30.0000 0.00000 0.00000 0.00000 0.00000            tau0x,tau1x,thet0,thet1, hpfa
0.00000 0.00000 0.00000        hlatex(1,im),im=1,nmodes                         
   {123}<111> SLIP----------------------------------------------------          
20                                             nrsx                             
30.0000 0.00000 0.00000 0.00000 0.00000            tau0x,tau1x,thet0,thet1, hpfa
0.00000 0.00000 0.00000        hlatex(1,im),im=1,nmodes                         
**** END OF CRYSTAL DATA FILE ****


  N & B FOR MODE  1 IN PHASE  1
     0.000     0.707     0.707        0.577     0.577    -0.577
     0.707     0.000     0.707        0.577     0.577    -0.577
     0.707    -0.707     0.000        0.577     0.577    -0.577
     0.000     0.707    -0.707        0.577    -0.577    -0.577
     0.707     0.000     0.707        0.577    -0.577    -0.577
     0.707     0.707     0.000        0.577    -0.577    -0.577
     0.000     0.707     0.707        0.577    -0.577     0.577
     0.707     0.000    -0.707        0.577    -0.577     0.577
     0.707     0.707     0.000        0.577    -0.577     0.577
     0.000     0.707    -0.707        0.577     0.577     0.577
     0.707     0.000    -0.707        0.577     0.577     0.577
     0.707    -0.707     0.000        0.577     0.577     0.577
  N & B FOR MODE  2 IN PHASE  1
    -0.816     0.408    -0.408       -0.577    -0.577     0.577
     0.408    -0.816    -0.408       -0.577    -0.577     0.577
     0.408     0.408     0.816       -0.577    -0.577     0.577
    -0.816    -0.408    -0.408       -0.577     0.577     0.577
     0.408     0.816    -0.408       -0.577     0.577     0.577
     0.408    -0.408     0.816       -0.577     0.577     0.577
     0.816     0.408    -0.408        0.577    -0.577     0.577
    -0.408    -0.816    -0.408        0.577    -0.577     0.577
    -0.408     0.408     0.816        0.577    -0.577     0.577
     0.816    -0.408    -0.408        0.577     0.577     0.577
    -0.408     0.816    -0.408        0.577     0.577     0.577
    -0.408    -0.408     0.816        0.577     0.577     0.577
  N & B FOR MODE  3 IN PHASE  1
     0.267     0.535     0.802        0.577     0.577    -0.577
    -0.267     0.802     0.535        0.577     0.577    -0.577
     0.535     0.267     0.802        0.577     0.577    -0.577
    -0.535     0.802     0.267        0.577     0.577    -0.577
     0.802    -0.267     0.535        0.577     0.577    -0.577
     0.802    -0.535     0.267        0.577     0.577    -0.577
    -0.267     0.535    -0.802        0.577    -0.577    -0.577
     0.267     0.802    -0.535        0.577    -0.577    -0.577
     0.535    -0.267     0.802        0.577    -0.577    -0.577
     0.535     0.802    -0.267        0.577    -0.577    -0.577
     0.802     0.267     0.535        0.577    -0.577    -0.577
     0.802     0.535     0.267        0.577    -0.577    -0.577
     0.267    -0.535    -0.802        0.577    -0.577     0.577
     0.267     0.802     0.535        0.577    -0.577     0.577
     0.535    -0.267    -0.802        0.577    -0.577     0.577
     0.535     0.802     0.267        0.577    -0.577     0.577
     0.802     0.267    -0.535        0.577    -0.577     0.577
     0.802     0.535    -0.267        0.577    -0.577     0.577
     0.267     0.535    -0.802        0.577     0.577     0.577
     0.267    -0.802     0.535        0.577     0.577     0.577
     0.535     0.267    -0.802        0.577     0.577     0.577
     0.535    -0.802     0.267        0.577     0.577     0.577
    -0.802     0.267     0.535        0.577     0.577     0.577
    -0.802     0.535     0.267        0.577     0.577     0.577

 **** CRYST TEXTURE (FIRST FEW LINES) ****
                                                                                
                                                                                
                                                                                
B 1                                                                             
   0.00    0.00    0.00   0.0010000                                             
   0.00    0.00    0.00   0.0010000                                             
   0.00    0.00    0.00   0.0010000                                             
   0.00    0.00    0.00   0.0010000                                             
   0.00    0.00    0.00   0.0010000                                             
   0.00    0.00    0.00   0.0010000                                             
    .........................
 **** END OF CRYST TEXTURE DATA FILE ****

IPH=  1  FIJPH     1.0000   0.0000   0.0000   0.0000   1.0000   0.0000   0.0000   0.0000   1.0000
         EIGNVAL   1.0000   1.0000   1.0000
         EIGNVEC   1.0000  -0.0000   0.0000   0.0000  -0.0000   1.0000   0.0000  -1.0000   0.0000

 **** CRYSTAL DATA FILE ****
*Material: Ti-6242                                                              
HEXAGONAL                                crysym                                 
1	1	1.594000		90	90	120         cdim(i),cang(i)                                 
*Elastic stiffness of single crystal [MPa]                                      
141e3	76.9e3	57.9e3	0  		0  		0  		                                             
76.9e3	141e3	57.9e3	0  		0  		0  		                                             
57.9e3	57.9e3	163e3	0  		0  		0  		                                             
0  		0  		0  		48.7e3	0  		0  		                                                
0  		0  		0  		0  		48.7e3	0  		                                                
0  		0  		0  		0  		0  		32.05e3	                                               
*Thermal expansion coefficients of single crystal[K^(-1)]                       
5.7e-6 5.7e-6 10.3e-6 0 0 0                                                     
SLIP AND TWINNING MODES                                                         
4                                nmodesx                                        
4                                nmodes                                         
1 2 3 4                                 mode(i)                                 
PRISMATIC                                                                       
1 3 1 0                       modex,nsmx,iopsysx,itwtypex                       
1 0 -1 0   -1 2 -1 0                                                            
0 -1 1 0   2 -1 -1 0                                                            
-1 1 0 0   -1 -1 2 0                                                            
BASAL                                                                           
2 3 1 0                       modex,nsmx,iopsysx,itwtypex                       
0 0 0 1   2 -1 -1 0                                                             
0 0 0 1   -1 2 -1 0                                                             
0 0 0 1   -1 -1 2 0                                                             
PYRAMIDAL<c+a>                                                                  
3 12 1 0                       modex,nsmx,iopsysx,itwtypex                      
1 0 -1 1   2 -1 -1 -3                                                           
1 0 -1 1   1 1 -2 -3                                                            
0 1 -1 1   1 1 -2 -3                                                            
0 1 -1 1   -1 2 -1 -3                                                           
-1 1 0 1   -1 2 -1 -3                                                           
-1 1 0 1   -2 1 1 -3                                                            
-1 0 1 1   -2 1 1 -3                                                            
-1 0 1 1   -1 -1 2 -3                                                           
0 -1 1 1   -1 -1 2 -3                                                           
0 -1 1 1   1 -2 1 -3                                                            
1 -1 0 1   0 -1 2 -3                                                            
1 -1 0 1   2 -1 -1 -3                                                           
PYRAMIDAL<a>                                                                    
4 6 1 0                       modex,nsmx,iopsysx,itwtypex                       
1 0 -1 1   -1 2 -1 0                                                            
0 -1 1 1   2 -1 -1 0                                                            
-1 1 0 1   -1 -1 2 0                                                            
-1 0 1 1   -1 2 -1 0                                                            
0 1 -1 1   2 -1 -1 0                                                            
1 -1 0 1   1 1 -2 0                                                             
CONSTITUTIVE LAW                                                                
0           Voce = 0, MTS=1                                                     
1           iratesens (0:rate insensitive, 1:rate sensitive)                    
50           grsze --> grain size only matters if HPfactor is nonzero           
PRISMATIC----------------------------------------------------                   
20                                             nrsx                             
100.000 0.00000 0.00000 0.00000 0.00000            tau0x,tau1x,thet0,thet1, hpfa
0.00000 0.00000 0.00000 0.00000        hlatex(1,im),im=1,nmodes                 
BASAL----------------------------------------------------                       
20                                             nrsx                             
110.000 0.00000 0.00000 0.00000 0.00000            tau0x,tau1x,thet0,thet1, hpfa
0.00000 0.00000 0.00000 0.00000        hlatex(1,im),im=1,nmodes                 
PYRAMIDAL<c+a>----------------------------------------------------              
20                                             nrsx                             
300.000 0.00000 0.00000 0.00000 0.00000            tau0x,tau1x,thet0,thet1, hpfa
0.00000 0.00000 0.00000 0.00000        hlatex(1,im),im=1,nmodes                 
PYRAMIDAL<a>----------------------------------------------------                
20                                             nrsx                             
95.0000 0.00000 0.00000 0.00000 0.00000            tau0x,tau1x,thet0,thet1, hpfa
0.00000 0.00000 0.00000 0.00000        hlatex(1,im),im=1,nmodes                 
**** END OF CRYSTAL DATA FILE ****


  N & B FOR MODE  1 IN PHASE  2
     0.866     0.500     0.000       -0.500     0.866     0.000
     0.000    -1.000     0.000        1.000     0.000     0.000
    -0.866     0.500     0.000       -0.500    -0.866     0.000
  N & B FOR MODE  2 IN PHASE  2
     0.000     0.000     1.000        1.000     0.000     0.000
     0.000     0.000     1.000       -0.500     0.866     0.000
     0.000     0.000     1.000       -0.500    -0.866     0.000
  N & B FOR MODE  3 IN PHASE  2
     0.761     0.439     0.477        0.531     0.000    -0.847
     0.761     0.439     0.477        0.266     0.460    -0.847
     0.000     0.879     0.477        0.266     0.460    -0.847
     0.000     0.879     0.477       -0.266     0.460    -0.847
    -0.761     0.439     0.477       -0.266     0.460    -0.847
    -0.761     0.439     0.477       -0.531     0.000    -0.847
    -0.761    -0.439     0.477       -0.531     0.000    -0.847
    -0.761    -0.439     0.477       -0.266    -0.460    -0.847
     0.000    -0.879     0.477       -0.266    -0.460    -0.847
     0.000    -0.879     0.477        0.266    -0.460    -0.847
     0.761    -0.439     0.477       -0.091    -0.475    -0.875
     0.761    -0.439     0.477        0.531     0.000    -0.847
  N & B FOR MODE  4 IN PHASE  2
     0.761     0.439     0.477       -0.500     0.866     0.000
     0.000    -0.879     0.477        1.000     0.000     0.000
    -0.761     0.439     0.477       -0.500    -0.866     0.000
    -0.761    -0.439     0.477       -0.500     0.866     0.000
     0.000     0.879     0.477        1.000     0.000     0.000
     0.761    -0.439     0.477        0.500     0.866     0.000

 **** CRYST TEXTURE (FIRST FEW LINES) ****
                                                                                
                                                                                
                                                                                
B 1                                                                             
 135.00   90.00  325.00   0.0010000                                             
 135.00   90.00  325.00   0.0010000                                             
 135.00   90.00  325.00   0.0010000                                             
 135.00   90.00  325.00   0.0010000                                             
 135.00   90.00  325.00   0.0010000                                             
 135.00   90.00  325.00   0.0010000                                             
    .........................
 **** END OF CRYST TEXTURE DATA FILE ****

IPH=  2  FIJPH     1.0000   0.0000   0.0000   0.0000   1.0000   0.0000   0.0000   0.0000   1.0000
         EIGNVAL   1.0000   1.0000   1.0000
         EIGNVEC   1.0000  -0.0000   0.0000   0.0000  -0.0000   1.0000   0.0000  -1.0000   0.0000

 UB ELASTIC STIFFNESS (VOIGT NOTATION)
  0.1433E+06  0.8782E+05  0.9277E+05 -0.4851E-13 -0.4521E-12  0.2440E+04
  0.8782E+05  0.1310E+06  0.1050E+06  0.3551E-12 -0.4851E-13  0.2440E+04
  0.9277E+05  0.9277E+05  0.1377E+06 -0.2533E-11 -0.1116E-12 -0.4215E+04
 -0.1574E-11  0.1783E-11 -0.3781E-11  0.4845E+05  0.3694E+04  0.8078E-12
 -0.2253E-11 -0.1574E-11 -0.5527E-12  0.3694E+04  0.4845E+05 -0.1002E-12
  0.2440E+04  0.2440E+04 -0.4215E+04  0.5568E-12 -0.4851E-13  0.5142E+05


  ELASTIC ESHELBY TENSOR (VOIGT NOTATION)
     0.46724     0.10070     0.08130    -0.00000     0.00000     0.00285
     0.13865     0.43014     0.20672     0.00000     0.00000     0.00293
     0.10797     0.19423     0.44703     0.00000    -0.00000    -0.01351
     0.00000     0.00000     0.00000     0.27089     0.01018     0.00000
     0.00000     0.00000    -0.00000     0.01057     0.27498     0.00000
    -0.00206    -0.00237    -0.01935     0.00000     0.00000     0.28192

SC ELASTIC STIFFNESS (VOIGT NOTATION)
  0.1355E+06  0.9270E+05  0.9111E+05 -0.1054E-11 -0.1318E-11  0.2176E+04
  0.9270E+05  0.1205E+06  0.1036E+06  0.2915E-13 -0.1030E-11  0.1265E+04
  0.9111E+05  0.1036E+06  0.1285E+06 -0.3204E-11 -0.6875E-12 -0.3050E+04
 -0.1054E-11  0.2915E-13 -0.3204E-11  0.4761E+05  0.4435E+04  0.6203E-12
 -0.1318E-11 -0.1030E-11 -0.6875E-12  0.4435E+04  0.4761E+05 -0.7303E-13
  0.2176E+04  0.1265E+04 -0.3050E+04  0.6203E-12 -0.7303E-13  0.5088E+05

SC ELASTIC COMPLIANCE (VOIGT NOTATION)
  0.1644E-04 -0.8477E-05 -0.4838E-05  0.1772E-22  0.9863E-22 -0.3912E-06
 -0.8477E-05  0.3159E-04 -0.1950E-04 -0.7636E-21  0.1537E-21 -0.7959E-06
 -0.4838E-05 -0.1950E-04  0.2698E-04  0.8603E-21 -0.1615E-21  0.1155E-05
  0.1772E-22 -0.7636E-21  0.8603E-21  0.5297E-05 -0.4935E-06 -0.3038E-22
  0.9863E-22  0.1537E-21 -0.1615E-21 -0.4935E-06  0.5297E-05  0.4759E-23
 -0.3912E-06 -0.7959E-06  0.1155E-05 -0.3038E-22  0.4759E-23  0.4966E-05

*** LOAD CONDITIONS FOR THIS RUN
50	3	0.01	298			nsteps	ictrl	eqincr	temp                                        
* boundary conditions                                                           
1	1	1		iudot	|	flag for vel.grad.                                               
1	1	1				|	(0:unknown-1:known)                                                  
1	1	1				|                                                                      
						|                                                                         
1	0	0		udot	|	vel.grad                                                          
0	0	0				|                                                                      
0	0	-1				|                                                                     
						|                                                                         
0	0	0		iscau	|	flag for Cauchy                                                  
	0	0				|                                                                       
		0				|                                                                        
						|                                                                         
0	0	0		scauchy	|	Cauchy stress                                                  
	0	0				|                                                                       
		0				|                                                                        

*******   STEP   1      *** NEFF=10 CALCULATION                
IPH=  0  FIJPH     1.0100   0.0000   0.0000   0.0000   1.0000   0.0000   0.0000   0.0000   0.9900
         EIGNVAL   1.0000   1.0100   0.9900
         EIGNVEC   0.0000  -1.0000   0.0000   1.0000  -0.0000   0.0000   0.0000  -0.0000   1.0000
IPH=  1  FIJPH     1.0175   0.0003   0.0000   0.0003   1.0000  -0.0002  -0.0000  -0.0002   0.9826
         EIGNVAL   1.0000   1.0175   0.9826
         EIGNVEC  -0.0154  -0.9999   0.0001   0.9998  -0.0154   0.0108  -0.0108   0.0003   0.9999
IPH=  2  FIJPH     1.0007  -0.0003  -0.0000  -0.0004   1.0000   0.0003   0.0000   0.0002   0.9993
         EIGNVAL   0.9999   1.0008   0.9992
         EIGNVEC   0.3983  -0.9134  -0.0844   0.8549   0.4030  -0.3268   0.3325   0.0580   0.9413

*******   STEP   2      *** NEFF=10 CALCULATION                
IPH=  0  FIJPH     1.0201   0.0000   0.0000   0.0000   1.0000   0.0000   0.0000   0.0000   0.9801
         EIGNVAL   1.0000   1.0201   0.9801
         EIGNVEC   0.0000  -1.0000   0.0000   1.0000  -0.0000   0.0000   0.0000  -0.0000   1.0000
IPH=  1  FIJPH     1.0352   0.0005   0.0000   0.0006   1.0000  -0.0004  -0.0000  -0.0003   0.9654
         EIGNVAL   1.0000   1.0352   0.9654
         EIGNVEC  -0.0154  -0.9999   0.0001   0.9998  -0.0154   0.0108  -0.0108   0.0003   0.9999
IPH=  2  FIJPH     1.0013  -0.0006  -0.0000  -0.0007   1.0000   0.0005   0.0000   0.0004   0.9987
         EIGNVAL   0.9999   1.0016   0.9985
         EIGNVEC   0.3978  -0.9136  -0.0843   0.8553   0.4025  -0.3263   0.3320   0.0577   0.9415

*******   STEP   3      *** NEFF=10 CALCULATION                
IPH=  0  FIJPH     1.0303   0.0000   0.0000   0.0000   1.0000   0.0000   0.0000   0.0000   0.9703
         EIGNVAL   1.0000   1.0303   0.9703
         EIGNVEC   0.0000  -1.0000   0.0000   1.0000  -0.0000   0.0000   0.0000  -0.0000   1.0000
IPH=  1  FIJPH     1.0533   0.0008   0.0000   0.0009   1.0000  -0.0006  -0.0001  -0.0005   0.9486
         EIGNVAL   1.0000   1.0533   0.9486
         EIGNVEC  -0.0154  -0.9999   0.0002   0.9998  -0.0154   0.0107  -0.0107   0.0003   0.9999
IPH=  2  FIJPH     1.0020  -0.0010  -0.0000  -0.0011   1.0000   0.0008   0.0001   0.0007   0.9980
         EIGNVAL   0.9998   1.0024   0.9977
         EIGNVEC   0.3972  -0.9139  -0.0841   0.8558   0.4019  -0.3257   0.3315   0.0574   0.9417

*******   STEP   4      *** NEFF=10 CALCULATION                
IPH=  0  FIJPH     1.0406   0.0000   0.0000   0.0000   1.0000   0.0000   0.0000   0.0000   0.9606
         EIGNVAL   1.0000   1.0406   0.9606
         EIGNVEC   0.0000  -1.0000   0.0000   1.0000  -0.0000   0.0000   0.0000  -0.0000   1.0000
IPH=  1  FIJPH     1.0716   0.0011   0.0000   0.0012   1.0000  -0.0008  -0.0001  -0.0007   0.9320
         EIGNVAL   1.0000   1.0717   0.9320
         EIGNVEC  -0.0155  -0.9999   0.0002   0.9998  -0.0155   0.0107  -0.0107   0.0003   0.9999
IPH=  2  FIJPH     1.0027  -0.0013  -0.0000  -0.0014   1.0000   0.0010   0.0001   0.0009   0.9973
         EIGNVAL   0.9998   1.0033   0.9970
         EIGNVEC   0.3966  -0.9141  -0.0840   0.8563   0.4014  -0.3250   0.3308   0.0570   0.9420

*******   STEP   5      *** NEFF=10 CALCULATION                
IPH=  0  FIJPH     1.0510   0.0000   0.0000   0.0000   1.0000   0.0000   0.0000   0.0000   0.9510
         EIGNVAL   1.0000   1.0510   0.9510
         EIGNVEC   0.0000  -1.0000   0.0000   1.0000  -0.0000   0.0000   0.0000  -0.0000   1.0000
IPH=  1  FIJPH     1.0903   0.0013   0.0000   0.0015   1.0000  -0.0010  -0.0001  -0.0008   0.9158
         EIGNVAL   0.9999   1.0904   0.9158
         EIGNVEC  -0.0155  -0.9999   0.0002   0.9998  -0.0155   0.0107  -0.0107   0.0003   0.9999
IPH=  2  FIJPH     1.0033  -0.0016  -0.0000  -0.0018   1.0001   0.0013   0.0001   0.0011   0.9966
         EIGNVAL   0.9997   1.0041   0.9962
         EIGNVEC   0.3960  -0.9144  -0.0838   0.8568   0.4008  -0.3243   0.3301   0.0566   0.9422

*******   STEP   6      *** NEFF=10 CALCULATION                
IPH=  0  FIJPH     1.0615   0.0000   0.0000   0.0000   1.0000   0.0000   0.0000   0.0000   0.9415
         EIGNVAL   1.0000   1.0615   0.9415
         EIGNVEC   0.0000  -1.0000   0.0000   1.0000  -0.0000   0.0000   0.0000  -0.0000   1.0000
IPH=  1  FIJPH     1.1093   0.0016   0.0000   0.0018   0.9999  -0.0012  -0.0001  -0.0010   0.8999
         EIGNVAL   0.9999   1.1094   0.8998
         EIGNVEC  -0.0156  -0.9999   0.0002   0.9998  -0.0156   0.0108  -0.0108   0.0004   0.9999
IPH=  2  FIJPH     1.0040  -0.0020  -0.0000  -0.0021   1.0001   0.0015   0.0001   0.0013   0.9959
         EIGNVAL   0.9997   1.0049   0.9954
         EIGNVEC   0.3954  -0.9147  -0.0836   0.8574   0.4002  -0.3235   0.3294   0.0562   0.9425

*******   STEP   7      *** NEFF=10 CALCULATION                
IPH=  0  FIJPH     1.0721   0.0000   0.0000   0.0000   1.0000   0.0000   0.0000   0.0000   0.9321
         EIGNVAL   1.0000   1.0721   0.9321
         EIGNVEC   0.0000  -1.0000   0.0000   1.0000  -0.0000   0.0000   0.0000  -0.0000   1.0000
IPH=  1  FIJPH     1.1286   0.0020   0.0000   0.0021   0.9999  -0.0014  -0.0001  -0.0011   0.8842
         EIGNVAL   0.9999   1.1287   0.8842
         EIGNVEC  -0.0158  -0.9999   0.0002   0.9998  -0.0158   0.0108  -0.0108   0.0004   0.9999
IPH=  2  FIJPH     1.0048  -0.0023  -0.0000  -0.0025   1.0001   0.0018   0.0002   0.0015   0.9952
         EIGNVAL   0.9996   1.0058   0.9946
         EIGNVEC   0.3948  -0.9150  -0.0835   0.8580   0.3996  -0.3226   0.3285   0.0557   0.9429

*******   STEP   8      *** NEFF=10 CALCULATION                
IPH=  0  FIJPH     1.0829   0.0000   0.0000   0.0000   1.0000   0.0000   0.0000   0.0000   0.9227
         EIGNVAL   1.0000   1.0829   0.9227
         EIGNVEC   0.0000  -1.0000   0.0000   1.0000  -0.0000   0.0000   0.0000  -0.0000   1.0000
IPH=  1  FIJPH     1.1483   0.0023   0.0000   0.0024   0.9999  -0.0016  -0.0002  -0.0013   0.8688
         EIGNVAL   0.9999   1.1483   0.8688
         EIGNVEC  -0.0159  -0.9999   0.0002   0.9998  -0.0159   0.0108  -0.0108   0.0004   0.9999
IPH=  2  FIJPH     1.0055  -0.0027  -0.0000  -0.0029   1.0001   0.0021   0.0002   0.0017   0.9945
         EIGNVAL   0.9995   1.0067   0.9938
         EIGNVEC   0.3941  -0.9153  -0.0833   0.8587   0.3990  -0.3216   0.3276   0.0552   0.9432

*******   STEP   9      *** NEFF=10 CALCULATION                
IPH=  0  FIJPH     1.0937   0.0000   0.0000   0.0000   1.0000   0.0000   0.0000   0.0000   0.9135
         EIGNVAL   1.0000   1.0937   0.9135
         EIGNVEC   0.0000  -1.0000   0.0000   1.0000  -0.0000   0.0000   0.0000  -0.0000   1.0000
IPH=  1  FIJPH     1.1682   0.0026   0.0000   0.0028   0.9999  -0.0018  -0.0002  -0.0014   0.8537
         EIGNVAL   0.9999   1.1683   0.8537
         EIGNVEC  -0.0161  -0.9999   0.0002   0.9998  -0.0161   0.0109  -0.0108   0.0004   0.9999
IPH=  2  FIJPH     1.0063  -0.0031  -0.0000  -0.0032   1.0001   0.0024   0.0002   0.0019   0.9937
         EIGNVAL   0.9995   1.0076   0.9930
         EIGNVEC   0.3934  -0.9156  -0.0831   0.8594   0.3984  -0.3206   0.3266   0.0547   0.9436

*******   STEP  10      *** NEFF=10 CALCULATION                
IPH=  0  FIJPH     1.1046   0.0000   0.0000   0.0000   1.0000   0.0000   0.0000   0.0000   0.9044
         EIGNVAL   1.0000   1.1046   0.9044
         EIGNVEC   0.0000  -1.0000   0.0000   1.0000  -0.0000   0.0000   0.0000  -0.0000   1.0000
IPH=  1  FIJPH     1.1885   0.0030   0.0000   0.0031   0.9999  -0.0020  -0.0002  -0.0016   0.8389
         EIGNVAL   0.9999   1.1886   0.8389
         EIGNVEC  -0.0162  -0.9999   0.0002   0.9998  -0.0162   0.0109  -0.0109   0.0004   0.9999
IPH=  2  FIJPH     1.0070  -0.0035  -0.0000  -0.0036   1.0001   0.0026   0.0002   0.0021   0.9929
         EIGNVAL   0.9994   1.0086   0.9921
         EIGNVEC   0.3927  -0.9159  -0.0829   0.8601   0.3977  -0.3195   0.3256   0.0541   0.9440

*******   STEP  11      *** NEFF=10 CALCULATION                
IPH=  0  FIJPH     1.1157   0.0000   0.0000   0.0000   1.0000   0.0000   0.0000   0.0000   0.8953
         EIGNVAL   1.0000   1.1157   0.8953
         EIGNVEC   0.0000  -1.0000   0.0000   1.0000  -0.0000   0.0000   0.0000  -0.0000   1.0000
IPH=  1  FIJPH     1.2091   0.0034   0.0000   0.0035   0.9999  -0.0022  -0.0002  -0.0017   0.8244
         EIGNVAL   0.9999   1.2092   0.8243
         EIGNVEC  -0.0164  -0.9999   0.0002   0.9998  -0.0164   0.0110  -0.0110   0.0004   0.9999
IPH=  2  FIJPH     1.0079  -0.0039  -0.0000  -0.0040   1.0001   0.0029   0.0003   0.0024   0.9921
         EIGNVAL   0.9993   1.0096   0.9912
         EIGNVEC   0.3920  -0.9162  -0.0827   0.8609   0.3970  -0.3182   0.3244   0.0535   0.9444

*******   STEP  12      *** NEFF=10 CALCULATION                
IPH=  0  FIJPH     1.1268   0.0000   0.0000   0.0000   1.0000   0.0000   0.0000   0.0000   0.8864
         EIGNVAL   1.0000   1.1268   0.8864
         EIGNVEC   0.0000  -1.0000   0.0000   1.0000  -0.0000   0.0000   0.0000  -0.0000   1.0000
IPH=  1  FIJPH     1.2301   0.0038   0.0000   0.0039   0.9999  -0.0024  -0.0002  -0.0019   0.8101
         EIGNVAL   0.9999   1.2301   0.8101
         EIGNVEC  -0.0167  -0.9999   0.0002   0.9998  -0.0167   0.0110  -0.0110   0.0004   0.9999
IPH=  2  FIJPH     1.0087  -0.0043  -0.0000  -0.0044   1.0001   0.0032   0.0003   0.0026   0.9913
         EIGNVAL   0.9992   1.0106   0.9903
         EIGNVEC   0.3912  -0.9166  -0.0825   0.8617   0.3963  -0.3169   0.3232   0.0529   0.9449

*******   STEP  13      *** NEFF=10 CALCULATION                
IPH=  0  FIJPH     1.1381   0.0000   0.0000   0.0000   1.0000   0.0000   0.0000   0.0000   0.8775
         EIGNVAL   1.0000   1.1381   0.8775
         EIGNVEC   0.0000  -1.0000   0.0000   1.0000  -0.0000   0.0000   0.0000  -0.0000   1.0000
IPH=  1  FIJPH     1.2513   0.0042   0.0000   0.0043   0.9999  -0.0026  -0.0003  -0.0020   0.7961
         EIGNVAL   0.9999   1.2514   0.7960
         EIGNVEC  -0.0169  -0.9999   0.0002   0.9998  -0.0169   0.0111  -0.0111   0.0004   0.9999
IPH=  2  FIJPH     1.0096  -0.0047  -0.0000  -0.0049   1.0001   0.0035   0.0003   0.0028   0.9904
         EIGNVAL   0.9991   1.0116   0.9894
         EIGNVEC   0.3904  -0.9169  -0.0823   0.8625   0.3956  -0.3155   0.3219   0.0522   0.9453

*******   STEP  14      *** NEFF=10 CALCULATION                
IPH=  0  FIJPH     1.1495   0.0000   0.0000   0.0000   1.0000   0.0000   0.0000   0.0000   0.8687
         EIGNVAL   1.0000   1.1495   0.8687
         EIGNVEC   0.0000  -1.0000   0.0000   1.0000  -0.0000   0.0000   0.0000  -0.0000   1.0000
IPH=  1  FIJPH     1.2729   0.0047  -0.0000   0.0047   0.9999  -0.0028  -0.0003  -0.0022   0.7823
         EIGNVAL   0.9999   1.2730   0.7823
         EIGNVEC  -0.0172  -0.9999   0.0003   0.9998  -0.0172   0.0112  -0.0112   0.0005   0.9999
IPH=  2  FIJPH     1.0105  -0.0052  -0.0000  -0.0053   1.0001   0.0039   0.0003   0.0030   0.9895
         EIGNVAL   0.9990   1.0127   0.9884
         EIGNVEC   0.3896  -0.9173  -0.0820   0.8634   0.3948  -0.3140   0.3204   0.0515   0.9459

*******   STEP  15      *** NEFF=10 CALCULATION                
IPH=  0  FIJPH     1.1610   0.0000   0.0000   0.0000   1.0000   0.0000   0.0000   0.0000   0.8601
         EIGNVAL   1.0000   1.1610   0.8601
         EIGNVEC   0.0000  -1.0000   0.0000   1.0000  -0.0000   0.0000   0.0000  -0.0000   1.0000
IPH=  1  FIJPH     1.2949   0.0051  -0.0000   0.0052   0.9999  -0.0030  -0.0003  -0.0023   0.7689
         EIGNVAL   0.9999   1.2950   0.7688
         EIGNVEC  -0.0175  -0.9998   0.0003   0.9998  -0.0175   0.0113  -0.0112   0.0005   0.9999
IPH=  2  FIJPH     1.0115  -0.0057   0.0000  -0.0057   1.0001   0.0042   0.0004   0.0032   0.9886
         EIGNVAL   0.9989   1.0139   0.9874
         EIGNVEC   0.3888  -0.9177  -0.0818   0.8644   0.3940  -0.3124   0.3189   0.0508   0.9464

*******   STEP  16      *** NEFF=10 CALCULATION                
IPH=  0  FIJPH     1.1726   0.0000   0.0000   0.0000   1.0000   0.0000   0.0000   0.0000   0.8515
         EIGNVAL   1.0000   1.1726   0.8515
         EIGNVEC   0.0000  -1.0000   0.0000   1.0000  -0.0000   0.0000   0.0000  -0.0000   1.0000
IPH=  1  FIJPH     1.3171   0.0056  -0.0000   0.0056   0.9999  -0.0032  -0.0003  -0.0024   0.7556
         EIGNVAL   0.9999   1.3172   0.7556
         EIGNVEC  -0.0178  -0.9998   0.0003   0.9998  -0.0178   0.0113  -0.0113   0.0005   0.9999
IPH=  2  FIJPH     1.0125  -0.0062   0.0000  -0.0062   1.0001   0.0045   0.0004   0.0035   0.9876
         EIGNVAL   0.9988   1.0151   0.9863
         EIGNVEC   0.3879  -0.9181  -0.0815   0.8654   0.3932  -0.3107   0.3173   0.0500   0.9470

*******   STEP  17      *** NEFF=10 CALCULATION                
IPH=  0  FIJPH     1.1843   0.0000   0.0000   0.0000   1.0000   0.0000   0.0000   0.0000   0.8429
         EIGNVAL   1.0000   1.1843   0.8429
         EIGNVEC   0.0000  -1.0000   0.0000   1.0000  -0.0000   0.0000   0.0000  -0.0000   1.0000
IPH=  1  FIJPH     1.3397   0.0062  -0.0000   0.0061   0.9999  -0.0034  -0.0004  -0.0026   0.7427
