
 **** INPUT FILE VPSC.IN FOR THIS RUN ****
1                        number of elements (nelem)                             
2                        number of phases (nph)                                 
0.55628 0.44372          relative vol. fract. of phases (wph(i))                
*INFORMATION ABOUT PHASE #1                                                     
2 0 25                   grain shape contrl, fragmentn, crit aspect ratio       
1 1 1                    initial ellipsoid ratios (dummy if ishape=4            
0 0 0                    init Eul ang ellips axes (dummy if ishape=3,4)         
* name and path of texture file (filetext)                                      
betaTex.tex                                                                     
* name and path of single crystal file (filecrys)                               
beta.SX                                                                         
* name and path of grain shape file (dummy if ishape=0) (fileaxes)              
betaShape.morph                                                                 
*INFORMATION ABOUT PHASE #2                                                     
2 0 25                   grain shape contrl, fragmentn, crit aspect ratio       
1 1 1                    initial ellipsoid ratios (dummy if ishape=4            
0 0 0                    init Eul ang ellips axes (dummy if ishape=3,4)         
* name and path of texture file (filetext)                                      
alphaTex.tex                                                                    
* name and path of single crystal file (filecrys)                               
alpha.SX                                                                        
* name and path of grain shape file (dummy if ishape=0) (fileaxes)              
alphaShape.morph                                                                
*PRECISION SETTINGS FOR CONVERGENCE PROCEDURES                                  
0.001 0.001 0.001 0.001  errs,errd,errm,errso                                   
100 100 25               itmax:   max # of iter, external, internal and SO loops
0 2 10 2                 irsvar & jrsini,jrsfin,jrstep (dummy if irsvar=0)      
1                        ibcinv (0: don't use <Bc>**-1, 1: use <Bc>**-1 in SC eq
*INPUT/OUTPUT SETTINGS FOR THE RUN (default is zero)                            
0                        irecover:read grain states from POSTMORT.IN (1) or not 
51                       isave:   write grain states in POSTMORT.OUT at step 'is
0                        icubcomp:calculate fcc rolling components?             
0                        nwrite (frequency of texture downloads)                
*MODELING CONDITIONS FOR THE RUN                                                
3                        interaction (0:FC,1:affine,2:secant,3:neff=10,4:tangent
1 1 1                    iupdate: update orient, grain shape, hardening         
0                        nneigh (0 for no neighbors, 1 for pairs, etc.)         
0                        iflu (0: don't calc, 1: calc fluctuations)             
*NUMBER OF PROCESSES (Lij const; Lij variable; PCYS ;LANKFORD; rigid rotatn)    
1                                                                               
*IVGVAR AND PATH\NAME OF FILE FOR EACH PROCESS (dummy if ivgvar=2,3)            
0                                                                               
VelGrad.def                                                                     

IPH=  0  FIJPH     1.0000   0.0000   0.0000   0.0000   1.0000   0.0000   0.0000   0.0000   1.0000
         EIGNVAL   1.0000   1.0000   1.0000
         EIGNVEC   1.0000  -0.0000   0.0000   0.0000  -0.0000   1.0000   0.0000  -1.0000   0.0000

 **** CRYSTAL DATA FILE ****
*Material: Ti-6242                                                              
CUBIC                                crysym                                     
1	1	1.000000		90	90	90         cdim(i),cang(i)                                  
*Elastic stiffness of single crystal [MPa]                                      
135e3	113e3	113e3	0  		0  		0  		                                               
113e3	113e3	135e3	0  		0  		0  		                                               
113e3	113e3	135e3	0  		0  		0  		                                               
0  		0  		0  		54.9e3	0  		0  		                                                
0  		0  		0  		0  		54.9e3	0  		                                                
0  		0  		0  		0  		0  		54.9e3	                                                
*Thermal expansion coefficients of single crystal[K^(-1)]                       
0 0 0 0 0 0                                                                     
SLIP AND TWINNING MODES                                                         
3                                nmodesx                                        
3                                nmodes                                         
1 2 3                                 mode(i)                                   
   {110}<111> SLIP                                                              
1 12 1 0                       modex,nsmx,iopsysx,itwtypex                      
0 1 1   1 1 -1                                                                  
1 0 1   1 1 -1                                                                  
1 -1 0   1 1 -1                                                                 
0 1 -1   1 -1 -1                                                                
1 0 1   1 -1 -1                                                                 
1 1 0   1 -1 -1                                                                 
0 1 1   1 -1 1                                                                  
1 0 -1   1 -1 1                                                                 
1 1 0   1 -1 1                                                                  
0 1 -1   1 1 1                                                                  
1 0 -1   1 1 1                                                                  
1 -1 0   1 1 1                                                                  
   {112}<111> SLIP                                                              
2 12 1 0                       modex,nsmx,iopsysx,itwtypex                      
-2 1 -1   -1 -1 1                                                               
1 -2 -1   -1 -1 1                                                               
1 1 2   -1 -1 1                                                                 
-2 -1 -1   -1 1 1                                                               
1 2 -1   -1 1 1                                                                 
1 -1 2   -1 1 1                                                                 
2 1 -1   1 -1 1                                                                 
-1 -2 -1   1 -1 1                                                               
-1 1 2   1 -1 1                                                                 
2 -1 -1   1 1 1                                                                 
-1 2 -1   1 1 1                                                                 
-1 -1 2   1 1 1                                                                 
   {123}<111> SLIP                                                              
3 24 1 0                       modex,nsmx,iopsysx,itwtypex                      
1 2 3   1 1 -1                                                                  
-1 3 2   1 1 -1                                                                 
2 1 3   1 1 -1                                                                  
-2 3 1   1 1 -1                                                                 
3 -1 2   1 1 -1                                                                 
3 -2 1   1 1 -1                                                                 
-1 2 -3   1 -1 -1                                                               
1 3 -2   1 -1 -1                                                                
2 -1 3   1 -1 -1                                                                
2 3 -1   1 -1 -1                                                                
3 1 2   1 -1 -1                                                                 
3 2 1   1 -1 -1                                                                 
1 -2 -3   1 -1 1                                                                
1 3 2   1 -1 1                                                                  
2 -1 -3   1 -1 1                                                                
2 3 1   1 -1 1                                                                  
3 1 -2   1 -1 1                                                                 
3 2 -1   1 -1 1                                                                 
1 2 -3   1 1 1                                                                  
1 -3 2   1 1 1                                                                  
2 1 -3   1 1 1                                                                  
2 -3 1   1 1 1                                                                  
-3 1 2   1 1 1                                                                  
-3 2 1   1 1 1                                                                  
CONSTITUTIVE LAW                                                                
0           Voce = 0, MTS=1                                                     
1           iratesens (0:rate insensitive, 1:rate sensitive)                    
50           grsze --> grain size only matters if HPfactor is nonzero           
   {110}<111> SLIP----------------------------------------------------          
20                                             nrsx                             
30.0000 0.00000 0.00000 0.00000 0.00000            tau0x,tau1x,thet0,thet1, hpfa
0.00000 0.00000 0.00000        hlatex(1,im),im=1,nmodes                         
   {112}<111> SLIP----------------------------------------------------          
20                                             nrsx                             
30.0000 0.00000 0.00000 0.00000 0.00000            tau0x,tau1x,thet0,thet1, hpfa
0.00000 0.00000 0.00000        hlatex(1,im),im=1,nmodes                         
   {123}<111> SLIP----------------------------------------------------          
20                                             nrsx                             
30.0000 0.00000 0.00000 0.00000 0.00000            tau0x,tau1x,thet0,thet1, hpfa
0.00000 0.00000 0.00000        hlatex(1,im),im=1,nmodes                         
**** END OF CRYSTAL DATA FILE ****


  N & B FOR MODE  1 IN PHASE  1
     0.000     0.707     0.707        0.577     0.577    -0.577
     0.707     0.000     0.707        0.577     0.577    -0.577
     0.707    -0.707     0.000        0.577     0.577    -0.577
     0.000     0.707    -0.707        0.577    -0.577    -0.577
     0.707     0.000     0.707        0.577    -0.577    -0.577
     0.707     0.707     0.000        0.577    -0.577    -0.577
     0.000     0.707     0.707        0.577    -0.577     0.577
     0.707     0.000    -0.707        0.577    -0.577     0.577
     0.707     0.707     0.000        0.577    -0.577     0.577
     0.000     0.707    -0.707        0.577     0.577     0.577
     0.707     0.000    -0.707        0.577     0.577     0.577
     0.707    -0.707     0.000        0.577     0.577     0.577
  N & B FOR MODE  2 IN PHASE  1
    -0.816     0.408    -0.408       -0.577    -0.577     0.577
     0.408    -0.816    -0.408       -0.577    -0.577     0.577
     0.408     0.408     0.816       -0.577    -0.577     0.577
    -0.816    -0.408    -0.408       -0.577     0.577     0.577
     0.408     0.816    -0.408       -0.577     0.577     0.577
     0.408    -0.408     0.816       -0.577     0.577     0.577
     0.816     0.408    -0.408        0.577    -0.577     0.577
    -0.408    -0.816    -0.408        0.577    -0.577     0.577
    -0.408     0.408     0.816        0.577    -0.577     0.577
     0.816    -0.408    -0.408        0.577     0.577     0.577
    -0.408     0.816    -0.408        0.577     0.577     0.577
    -0.408    -0.408     0.816        0.577     0.577     0.577
  N & B FOR MODE  3 IN PHASE  1
     0.267     0.535     0.802        0.577     0.577    -0.577
    -0.267     0.802     0.535        0.577     0.577    -0.577
     0.535     0.267     0.802        0.577     0.577    -0.577
    -0.535     0.802     0.267        0.577     0.577    -0.577
     0.802    -0.267     0.535        0.577     0.577    -0.577
     0.802    -0.535     0.267        0.577     0.577    -0.577
    -0.267     0.535    -0.802        0.577    -0.577    -0.577
     0.267     0.802    -0.535        0.577    -0.577    -0.577
     0.535    -0.267     0.802        0.577    -0.577    -0.577
     0.535     0.802    -0.267        0.577    -0.577    -0.577
     0.802     0.267     0.535        0.577    -0.577    -0.577
     0.802     0.535     0.267        0.577    -0.577    -0.577
     0.267    -0.535    -0.802        0.577    -0.577     0.577
     0.267     0.802     0.535        0.577    -0.577     0.577
     0.535    -0.267    -0.802        0.577    -0.577     0.577
     0.535     0.802     0.267        0.577    -0.577     0.577
     0.802     0.267    -0.535        0.577    -0.577     0.577
     0.802     0.535    -0.267        0.577    -0.577     0.577
     0.267     0.535    -0.802        0.577     0.577     0.577
     0.267    -0.802     0.535        0.577     0.577     0.577
     0.535     0.267    -0.802        0.577     0.577     0.577
     0.535    -0.802     0.267        0.577     0.577     0.577
    -0.802     0.267     0.535        0.577     0.577     0.577
    -0.802     0.535     0.267        0.577     0.577     0.577

 **** CRYST TEXTURE (FIRST FEW LINES) ****
                                                                                
                                                                                
                                                                                
B 500                                                                           
 102.74  119.56   33.65   1.0000000                                             
 219.06   36.21   70.51   1.0000000                                             
 166.66   28.59   45.80   1.0000000                                             
 149.74   86.13   38.68   1.0000000                                             
 143.88   72.50    9.75   1.0000000                                             
  27.71    7.88  225.69   1.0000000                                             
    .........................
 **** END OF CRYST TEXTURE DATA FILE ****

IPH=  1  FIJPH     1.0000   0.0000   0.0000   0.0000   1.0000   0.0000   0.0000   0.0000   1.0000
         EIGNVAL   1.0000   1.0000   1.0000
         EIGNVEC   1.0000  -0.0000   0.0000   0.0000  -0.0000   1.0000   0.0000  -1.0000   0.0000

 **** CRYSTAL DATA FILE ****
*Material: Ti-6242                                                              
HEXAGONAL                                crysym                                 
1	1	1.594000		90	90	120         cdim(i),cang(i)                                 
*Elastic stiffness of single crystal [MPa]                                      
141e3	76.9e3	57.9e3	0  		0  		0  		                                             
76.9e3	141e3	57.9e3	0  		0  		0  		                                             
57.9e3	57.9e3	163e3	0  		0  		0  		                                             
0  		0  		0  		48.7e3	0  		0  		                                                
0  		0  		0  		0  		48.7e3	0  		                                                
0  		0  		0  		0  		0  		32.05e3	                                               
*Thermal expansion coefficients of single crystal[K^(-1)]                       
5.7e-6 5.7e-6 10.3e-6 0 0 0                                                     
SLIP AND TWINNING MODES                                                         
4                                nmodesx                                        
4                                nmodes                                         
1 2 3 4                                 mode(i)                                 
PRISMATIC                                                                       
1 3 1 0                       modex,nsmx,iopsysx,itwtypex                       
1 0 -1 0   -1 2 -1 0                                                            
0 -1 1 0   2 -1 -1 0                                                            
-1 1 0 0   -1 -1 2 0                                                            
BASAL                                                                           
2 3 1 0                       modex,nsmx,iopsysx,itwtypex                       
0 0 0 1   2 -1 -1 0                                                             
0 0 0 1   -1 2 -1 0                                                             
0 0 0 1   -1 -1 2 0                                                             
PYRAMIDAL<c+a>                                                                  
3 12 1 0                       modex,nsmx,iopsysx,itwtypex                      
1 0 -1 1   2 -1 -1 -3                                                           
1 0 -1 1   1 1 -2 -3                                                            
0 1 -1 1   1 1 -2 -3                                                            
0 1 -1 1   -1 2 -1 -3                                                           
-1 1 0 1   -1 2 -1 -3                                                           
-1 1 0 1   -2 1 1 -3                                                            
-1 0 1 1   -2 1 1 -3                                                            
-1 0 1 1   -1 -1 2 -3                                                           
0 -1 1 1   -1 -1 2 -3                                                           
0 -1 1 1   1 -2 1 -3                                                            
1 -1 0 1   0 -1 2 -3                                                            
1 -1 0 1   2 -1 -1 -3                                                           
PYRAMIDAL<a>                                                                    
4 6 1 0                       modex,nsmx,iopsysx,itwtypex                       
1 0 -1 1   -1 2 -1 0                                                            
0 -1 1 1   2 -1 -1 0                                                            
-1 1 0 1   -1 -1 2 0                                                            
-1 0 1 1   -1 2 -1 0                                                            
0 1 -1 1   2 -1 -1 0                                                            
1 -1 0 1   1 1 -2 0                                                             
CONSTITUTIVE LAW                                                                
0           Voce = 0, MTS=1                                                     
1           iratesens (0:rate insensitive, 1:rate sensitive)                    
50           grsze --> grain size only matters if HPfactor is nonzero           
PRISMATIC----------------------------------------------------                   
20                                             nrsx                             
100.000 0.00000 0.00000 0.00000 0.00000            tau0x,tau1x,thet0,thet1, hpfa
0.00000 0.00000 0.00000 0.00000        hlatex(1,im),im=1,nmodes                 
BASAL----------------------------------------------------                       
20                                             nrsx                             
110.000 0.00000 0.00000 0.00000 0.00000            tau0x,tau1x,thet0,thet1, hpfa
0.00000 0.00000 0.00000 0.00000        hlatex(1,im),im=1,nmodes                 
PYRAMIDAL<c+a>----------------------------------------------------              
20                                             nrsx                             
300.000 0.00000 0.00000 0.00000 0.00000            tau0x,tau1x,thet0,thet1, hpfa
0.00000 0.00000 0.00000 0.00000        hlatex(1,im),im=1,nmodes                 
PYRAMIDAL<a>----------------------------------------------------                
20                                             nrsx                             
95.0000 0.00000 0.00000 0.00000 0.00000            tau0x,tau1x,thet0,thet1, hpfa
0.00000 0.00000 0.00000 0.00000        hlatex(1,im),im=1,nmodes                 
**** END OF CRYSTAL DATA FILE ****


  N & B FOR MODE  1 IN PHASE  2
     0.866     0.500     0.000       -0.500     0.866     0.000
     0.000    -1.000     0.000        1.000     0.000     0.000
    -0.866     0.500     0.000       -0.500    -0.866     0.000
  N & B FOR MODE  2 IN PHASE  2
     0.000     0.000     1.000        1.000     0.000     0.000
     0.000     0.000     1.000       -0.500     0.866     0.000
     0.000     0.000     1.000       -0.500    -0.866     0.000
  N & B FOR MODE  3 IN PHASE  2
     0.761     0.439     0.477        0.531     0.000    -0.847
     0.761     0.439     0.477        0.266     0.460    -0.847
     0.000     0.879     0.477        0.266     0.460    -0.847
     0.000     0.879     0.477       -0.266     0.460    -0.847
    -0.761     0.439     0.477       -0.266     0.460    -0.847
    -0.761     0.439     0.477       -0.531     0.000    -0.847
    -0.761    -0.439     0.477       -0.531     0.000    -0.847
    -0.761    -0.439     0.477       -0.266    -0.460    -0.847
     0.000    -0.879     0.477       -0.266    -0.460    -0.847
     0.000    -0.879     0.477        0.266    -0.460    -0.847
     0.761    -0.439     0.477       -0.091    -0.475    -0.875
     0.761    -0.439     0.477        0.531     0.000    -0.847
  N & B FOR MODE  4 IN PHASE  2
     0.761     0.439     0.477       -0.500     0.866     0.000
     0.000    -0.879     0.477        1.000     0.000     0.000
    -0.761     0.439     0.477       -0.500    -0.866     0.000
    -0.761    -0.439     0.477       -0.500     0.866     0.000
     0.000     0.879     0.477        1.000     0.000     0.000
     0.761    -0.439     0.477        0.500     0.866     0.000

 **** CRYST TEXTURE (FIRST FEW LINES) ****
                                                                                
                                                                                
                                                                                
B 500                                                                           
 102.74  119.56   33.65   1.0000000                                             
 219.06   36.21   70.51   1.0000000                                             
 166.66   28.59   45.80   1.0000000                                             
 149.74   86.13   38.68   1.0000000                                             
 143.88   72.50    9.75   1.0000000                                             
  27.71    7.88  225.69   1.0000000                                             
    .........................
 **** END OF CRYST TEXTURE DATA FILE ****

IPH=  2  FIJPH     1.0000   0.0000   0.0000   0.0000   1.0000   0.0000   0.0000   0.0000   1.0000
         EIGNVAL   1.0000   1.0000   1.0000
         EIGNVEC   1.0000  -0.0000   0.0000   0.0000  -0.0000   1.0000   0.0000  -1.0000   0.0000

 UB ELASTIC STIFFNESS (VOIGT NOTATION)
  0.1596E+06  0.8179E+05  0.8226E+05  0.9868E+02  0.6144E+03  0.4061E+02
  0.8195E+05  0.1595E+06  0.8221E+05 -0.2257E+03 -0.1233E+02 -0.3527E+03
  0.8231E+05  0.8216E+05  0.1592E+06  0.3563E+03 -0.2172E+03  0.8271E+02
 -0.5823E+02 -0.2400E+03  0.3094E+03  0.3835E+05 -0.6814E+02  0.2109E+03
  0.4429E+03 -0.4137E+02 -0.3823E+03 -0.1522E+02  0.3871E+05  0.1431E+03
  0.1607E+03 -0.2856E+03  0.1134E+03  0.2046E+03  0.1757E+03  0.3814E+05


  ELASTIC ESHELBY TENSOR (VOIGT NOTATION)
     0.54477     0.08443     0.08637     0.00005     0.00163     0.00074
     0.08496     0.54555     0.08679    -0.00108    -0.00022    -0.00119
     0.08681     0.08670     0.54359     0.00096    -0.00152     0.00052
    -0.00024    -0.00136     0.00068     0.22731    -0.00027     0.00107
     0.00117    -0.00068    -0.00198    -0.00027     0.22894     0.00084
     0.00102    -0.00091     0.00080     0.00108     0.00084     0.22679

SC ELASTIC STIFFNESS (VOIGT NOTATION)
  0.1493E+06  0.8495E+05  0.8554E+05  0.6627E+02  0.5561E+03  0.1655E+03
  0.8495E+05  0.1492E+06  0.8541E+05 -0.2607E+03  0.1976E+02 -0.3921E+03
  0.8554E+05  0.8541E+05  0.1487E+06  0.3265E+03 -0.3514E+03  0.9743E+02
  0.6627E+02 -0.2607E+03  0.3265E+03  0.3131E+05 -0.7449E+02  0.3057E+03
  0.5561E+03  0.1976E+02 -0.3514E+03 -0.7449E+02  0.3178E+05  0.2405E+03
  0.1655E+03 -0.3921E+03  0.9743E+02  0.3057E+03  0.2405E+03  0.3116E+05

SC ELASTIC COMPLIANCE (VOIGT NOTATION)
  0.1146E-04 -0.4100E-05 -0.4237E-05 -0.6922E-08 -0.1221E-06 -0.4860E-07
 -0.4100E-05  0.1146E-04 -0.4222E-05  0.7320E-07  0.8472E-08  0.8880E-07
 -0.4237E-05 -0.4222E-05  0.1159E-04 -0.7293E-07  0.1025E-06 -0.3350E-07
 -0.6922E-08  0.7320E-07 -0.7293E-07  0.7986E-05  0.1895E-07 -0.7791E-07
 -0.1221E-06  0.8472E-08  0.1025E-06  0.1895E-07  0.7870E-05 -0.6072E-07
 -0.4860E-07  0.8880E-07 -0.3350E-07 -0.7791E-07 -0.6072E-07  0.8026E-05

*** LOAD CONDITIONS FOR THIS RUN
50	3	0.01	298			nsteps	ictrl	eqincr	temp                                        
* boundary conditions                                                           
1	1	1		iudot	|	flag for vel.grad.                                               
1	1	1				|	(0:unknown-1:known)                                                  
1	1	1				|                                                                      
						|                                                                         
0.5	0	0		udot	|	vel.grad                                                        
0	0.5	0				|                                                                    
0	0	-1				|                                                                     
						|                                                                         
0	0	0		iscau	|	flag for Cauchy                                                  
	0	0				|                                                                       
		0				|                                                                        
						|                                                                         
0	0	0		scauchy	|	Cauchy stress                                                  
	0	0				|                                                                       
		0				|                                                                        

*******   STEP   1      *** NEFF=10 CALCULATION                

 xmctg after gr rate for grain  301
  0.1201E-01  0.7059E-02 -0.1386E-03  0.2023E-02 -0.7027E-02
  0.7059E-02  0.2385E-01  0.7957E-03  0.1567E-02 -0.6263E-02
 -0.1386E-03  0.7957E-03  0.2034E-02  0.8990E-03 -0.7678E-03
  0.2023E-02  0.1567E-02  0.8990E-03  0.3648E-02 -0.3192E-02
 -0.7027E-02 -0.6263E-02 -0.7678E-03 -0.3192E-02  0.9992E-02

 xmctg after gr rate for grain  302
  0.3781E-02 -0.2965E-02  0.2545E-02  0.3630E-02  0.6110E-02
 -0.2965E-02  0.2150E-01 -0.3162E-02 -0.3244E-02 -0.7094E-02
  0.2545E-02 -0.3162E-02  0.3194E-02  0.2968E-02  0.6591E-02
  0.3630E-02 -0.3244E-02  0.2968E-02  0.6546E-02  0.8355E-02
  0.6110E-02 -0.7094E-02  0.6591E-02  0.8355E-02  0.1577E-01

 xmctg after gr rate for grain  303
  0.4916E-02  0.2693E-02  0.1906E-03  0.1709E-02  0.4653E-02
  0.2693E-02  0.2261E-01 -0.1659E-02  0.2734E-02  0.6376E-02
  0.1906E-03 -0.1659E-02  0.3019E-02 -0.1735E-02 -0.2844E-02
  0.1709E-02  0.2734E-02 -0.1735E-02  0.4513E-02  0.6921E-02
  0.4653E-02  0.6376E-02 -0.2844E-02  0.6921E-02  0.1401E-01

 xmctg after gr rate for grain  304
  0.1012E-01  0.5863E-02 -0.7664E-03 -0.2593E-03 -0.5786E-02
  0.5863E-02  0.2418E-01  0.3245E-03  0.8844E-04 -0.6334E-02
 -0.7664E-03  0.3245E-03  0.1768E-02  0.7125E-03  0.1086E-03
 -0.2593E-03  0.8844E-04  0.7125E-03  0.3051E-02 -0.1218E-02
 -0.5786E-02 -0.6334E-02  0.1086E-03 -0.1218E-02  0.1095E-01

 xmctg after gr rate for grain  305
  0.9125E-03 -0.3997E-04 -0.1993E-03  0.4778E-03  0.7615E-03
 -0.3997E-04  0.2566E-01 -0.1452E-04 -0.5272E-04 -0.2228E-03
 -0.1993E-03 -0.1452E-04  0.1545E-02 -0.8442E-03  0.1131E-02
  0.4778E-03 -0.5272E-04 -0.8442E-03  0.1607E-02  0.5495E-03
  0.7615E-03 -0.2228E-03  0.1131E-02  0.5495E-03  0.8521E-02
IPH=  0  FIJPH     1.0050   0.0000   0.0000   0.0000   1.0050   0.0000   0.0000   0.0000   0.9900
         EIGNVAL   1.0050   1.0050   0.9900
         EIGNVEC   1.0000   0.0000   0.0000   0.0000   1.0000   0.0000   0.0000   0.0000   1.0000
IPH=  1  FIJPH     1.0089  -0.0000   0.0000  -0.0000   1.0088  -0.0000  -0.0000   0.0000   0.9823
         EIGNVAL   1.0088   1.0089   0.9823
         EIGNVEC   0.2102  -0.9777   0.0000   0.9777   0.2102  -0.0001   0.0001   0.0001   1.0000
IPH=  2  FIJPH     1.0002   0.0000  -0.0000   0.0000   1.0002   0.0000   0.0000  -0.0000   0.9996
         EIGNVAL   1.0002   1.0002   0.9996
         EIGNVEC   0.9780   0.2086  -0.0016  -0.2086   0.9780   0.0054   0.0027  -0.0049   1.0000

*******   STEP   2      *** NEFF=10 CALCULATION                
IPH=  0  FIJPH     1.0100   0.0000   0.0000   0.0000   1.0100   0.0000   0.0000   0.0000   0.9801
         EIGNVAL   1.0100   1.0100   0.9801
         EIGNVEC   1.0000   0.0000   0.0000   0.0000   1.0000   0.0000   0.0000   0.0000   1.0000
IPH=  1  FIJPH     1.0178  -0.0000   0.0001  -0.0000   1.0178  -0.0001  -0.0001   0.0001   0.9649
         EIGNVAL   1.0178   1.0178   0.9649
         EIGNVEC   0.1944  -0.9809   0.0000   0.9809   0.1944  -0.0001   0.0001   0.0001   1.0000
IPH=  2  FIJPH     1.0003   0.0000  -0.0001   0.0000   1.0004   0.0001   0.0001  -0.0001   0.9993
         EIGNVAL   1.0003   1.0004   0.9993
         EIGNVEC   0.9813   0.1927  -0.0016  -0.1927   0.9812   0.0054   0.0026  -0.0050   1.0000

*******   STEP   3      *** NEFF=10 CALCULATION                
IPH=  0  FIJPH     1.0151   0.0000   0.0000   0.0000   1.0151   0.0000   0.0000   0.0000   0.9703
         EIGNVAL   1.0151   1.0151   0.9703
         EIGNVEC   1.0000   0.0000   0.0000   0.0000   1.0000   0.0000   0.0000   0.0000   1.0000
IPH=  1  FIJPH     1.0268  -0.0000   0.0001  -0.0000   1.0268  -0.0001  -0.0001   0.0001   0.9478
         EIGNVAL   1.0268   1.0268   0.9478
         EIGNVEC   0.1786  -0.9839   0.0001   0.9839   0.1786  -0.0001   0.0001   0.0001   1.0000
IPH=  2  FIJPH     1.0005   0.0000  -0.0001   0.0000   1.0005   0.0001   0.0001  -0.0001   0.9990
         EIGNVAL   1.0005   1.0005   0.9990
         EIGNVEC   0.9842   0.1769  -0.0016  -0.1769   0.9842   0.0053   0.0025  -0.0050   1.0000

*******   STEP   4      *** NEFF=10 CALCULATION                
IPH=  0  FIJPH     1.0202   0.0000   0.0000   0.0000   1.0202   0.0000   0.0000   0.0000   0.9606
         EIGNVAL   1.0202   1.0202   0.9606
         EIGNVEC   1.0000   0.0000   0.0000   0.0000   1.0000   0.0000   0.0000   0.0000   1.0000
IPH=  1  FIJPH     1.0359  -0.0000   0.0001  -0.0000   1.0359  -0.0001  -0.0001   0.0001   0.9310
         EIGNVAL   1.0359   1.0359   0.9310
         EIGNVEC   0.1629  -0.9866   0.0001   0.9866   0.1629  -0.0001   0.0001   0.0001   1.0000
IPH=  2  FIJPH     1.0006   0.0000  -0.0001   0.0000   1.0007   0.0001   0.0001  -0.0002   0.9987
         EIGNVAL   1.0006   1.0007   0.9987
         EIGNVEC   0.9868   0.1617  -0.0017  -0.1617   0.9868   0.0053   0.0025  -0.0050   1.0000

*******   STEP   5      *** NEFF=10 CALCULATION                
IPH=  0  FIJPH     1.0253   0.0000   0.0000   0.0000   1.0253   0.0000   0.0000   0.0000   0.9510
         EIGNVAL   1.0253   1.0253   0.9510
         EIGNVEC   1.0000   0.0000   0.0000   0.0000   1.0000   0.0000   0.0000   0.0000   1.0000
IPH=  1  FIJPH     1.0451  -0.0000   0.0001  -0.0000   1.0451  -0.0001  -0.0001   0.0001   0.9144
         EIGNVAL   1.0451   1.0451   0.9144
         EIGNVEC   0.1469  -0.9892   0.0001   0.9892   0.1469  -0.0001   0.0001   0.0001   1.0000
IPH=  2  FIJPH     1.0007   0.0000  -0.0002   0.0000   1.0008   0.0002   0.0002  -0.0002   0.9985
         EIGNVAL   1.0007   1.0008   0.9985
         EIGNVEC   0.9890   0.1477  -0.0017  -0.1477   0.9890   0.0053   0.0025  -0.0050   1.0000

*******   STEP   6      *** NEFF=10 CALCULATION                
IPH=  0  FIJPH     1.0304   0.0000   0.0000   0.0000   1.0304   0.0000   0.0000   0.0000   0.9415
         EIGNVAL   1.0304   1.0304   0.9415
         EIGNVEC   1.0000   0.0000   0.0000   0.0000   1.0000   0.0000   0.0000   0.0000   1.0000
IPH=  1  FIJPH     1.0544  -0.0000   0.0002  -0.0000   1.0544  -0.0001  -0.0002   0.0002   0.8981
         EIGNVAL   1.0544   1.0545   0.8981
         EIGNVEC   0.1326  -0.9912   0.0001   0.9912   0.1326  -0.0001   0.0001   0.0001   1.0000
IPH=  2  FIJPH     1.0009   0.0000  -0.0002   0.0000   1.0009   0.0002   0.0002  -0.0002   0.9982
         EIGNVAL   1.0009   1.0009   0.9982
         EIGNVEC   0.9908   0.1351  -0.0017  -0.1351   0.9908   0.0052   0.0024  -0.0049   1.0000

*******   STEP   7      *** NEFF=10 CALCULATION                
IPH=  0  FIJPH     1.0355   0.0000   0.0000   0.0000   1.0355   0.0000   0.0000   0.0000   0.9321
         EIGNVAL   1.0355   1.0355   0.9321
         EIGNVEC   1.0000   0.0000   0.0000   0.0000   1.0000   0.0000   0.0000   0.0000   1.0000
IPH=  1  FIJPH     1.0638  -0.0000   0.0002  -0.0000   1.0638  -0.0002  -0.0002   0.0002   0.8821
         EIGNVAL   1.0638   1.0638   0.8821
         EIGNVEC   0.1203  -0.9927   0.0001   0.9927   0.1203  -0.0001   0.0001   0.0001   1.0000
IPH=  2  FIJPH     1.0010   0.0000  -0.0003   0.0000   1.0010   0.0002   0.0003  -0.0002   0.9980
         EIGNVAL   1.0010   1.0010   0.9980
         EIGNVEC   0.9923   0.1241  -0.0018  -0.1241   0.9923   0.0052   0.0024  -0.0049   1.0000

*******   STEP   8      *** NEFF=10 CALCULATION                
IPH=  0  FIJPH     1.0407   0.0000   0.0000   0.0000   1.0407   0.0000   0.0000   0.0000   0.9227
         EIGNVAL   1.0407   1.0407   0.9227
         EIGNVEC   1.0000   0.0000   0.0000   0.0000   1.0000   0.0000   0.0000   0.0000   1.0000
IPH=  1  FIJPH     1.0733  -0.0000   0.0002  -0.0000   1.0733  -0.0002  -0.0002   0.0002   0.8664
         EIGNVAL   1.0733   1.0733   0.8664
         EIGNVEC   0.1099  -0.9939   0.0001   0.9939   0.1099  -0.0001   0.0001   0.0001   1.0000
IPH=  2  FIJPH     1.0011   0.0000  -0.0003   0.0000   1.0011   0.0002   0.0003  -0.0003   0.9978
         EIGNVAL   1.0011   1.0011   0.9978
         EIGNVEC   0.9934   0.1147  -0.0018  -0.1147   0.9934   0.0052   0.0024  -0.0049   1.0000

*******   STEP   9      *** NEFF=10 CALCULATION                
IPH=  0  FIJPH     1.0459   0.0000   0.0000   0.0000   1.0459   0.0000   0.0000   0.0000   0.9135
         EIGNVAL   1.0459   1.0459   0.9135
         EIGNVEC   1.0000   0.0000   0.0000   0.0000   1.0000   0.0000   0.0000   0.0000   1.0000
IPH=  1  FIJPH     1.0829  -0.0000   0.0002  -0.0000   1.0829  -0.0002  -0.0002   0.0002   0.8510
         EIGNVAL   1.0829   1.0829   0.8510
         EIGNVEC   0.1012  -0.9949   0.0001   0.9949   0.1012  -0.0001   0.0001   0.0002   1.0000
IPH=  2  FIJPH     1.0011   0.0000  -0.0003   0.0000   1.0012   0.0003   0.0004  -0.0003   0.9977
         EIGNVAL   1.0011   1.0012   0.9977
         EIGNVEC   0.9943   0.1066  -0.0019  -0.1066   0.9943   0.0051   0.0024  -0.0049   1.0000

*******   STEP  10      *** NEFF=10 CALCULATION                
IPH=  0  FIJPH     1.0511   0.0000   0.0000   0.0000   1.0511   0.0000   0.0000   0.0000   0.9044
         EIGNVAL   1.0511   1.0511   0.9044
         EIGNVEC   1.0000   0.0000   0.0000   0.0000   1.0000   0.0000   0.0000   0.0000   1.0000
IPH=  1  FIJPH     1.0926  -0.0000   0.0003  -0.0000   1.0925  -0.0002  -0.0003   0.0002   0.8358
         EIGNVAL   1.0925   1.0926   0.8358
         EIGNVEC   0.0932  -0.9956   0.0002   0.9956   0.0932  -0.0001   0.0001   0.0002   1.0000
IPH=  2  FIJPH     1.0012   0.0000  -0.0004   0.0000   1.0013   0.0003   0.0004  -0.0003   0.9975
         EIGNVAL   1.0012   1.0013   0.9975
         EIGNVEC   0.9950   0.0997  -0.0019  -0.0997   0.9950   0.0051   0.0024  -0.0049   1.0000

*******   STEP  11      *** NEFF=10 CALCULATION                
IPH=  0  FIJPH     1.0564   0.0000   0.0000   0.0000   1.0564   0.0000   0.0000   0.0000   0.8953
         EIGNVAL   1.0564   1.0564   0.8953
         EIGNVEC   1.0000   0.0000   0.0000   0.0000   1.0000   0.0000   0.0000   0.0000   1.0000
IPH=  1  FIJPH     1.1023  -0.0000   0.0003  -0.0000   1.1023  -0.0002  -0.0003   0.0002   0.8208
         EIGNVAL   1.1023   1.1023   0.8208
         EIGNVEC   0.0863  -0.9963   0.0002   0.9963   0.0863  -0.0001   0.0001   0.0002   1.0000
IPH=  2  FIJPH     1.0013   0.0000  -0.0004   0.0000   1.0014   0.0003   0.0004  -0.0003   0.9974
         EIGNVAL   1.0013   1.0014   0.9974
         EIGNVEC   0.9956   0.0936  -0.0020  -0.0936   0.9956   0.0050   0.0024  -0.0048   1.0000

*******   STEP  12      *** NEFF=10 CALCULATION                
IPH=  0  FIJPH     1.0617   0.0000   0.0000   0.0000   1.0617   0.0000   0.0000   0.0000   0.8864
         EIGNVAL   1.0617   1.0617   0.8864
         EIGNVEC   1.0000   0.0000   0.0000   0.0000   1.0000   0.0000   0.0000   0.0000   1.0000
IPH=  1  FIJPH     1.1122  -0.0000   0.0003  -0.0000   1.1121  -0.0002  -0.0003   0.0002   0.8062
         EIGNVAL   1.1121   1.1122   0.8062
         EIGNVEC   0.0803  -0.9968   0.0002   0.9968   0.0803  -0.0001   0.0001   0.0002   1.0000
IPH=  2  FIJPH     1.0014   0.0000  -0.0005   0.0000   1.0014   0.0003   0.0005  -0.0004   0.9972
         EIGNVAL   1.0014   1.0014   0.9972
         EIGNVEC   0.9961   0.0882  -0.0020  -0.0882   0.9961   0.0050   0.0024  -0.0048   1.0000

*******   STEP  13      *** NEFF=10 CALCULATION                
IPH=  0  FIJPH     1.0670   0.0000   0.0000   0.0000   1.0670   0.0000   0.0000   0.0000   0.8775
         EIGNVAL   1.0670   1.0670   0.8775
         EIGNVEC   1.0000   0.0000   0.0000   0.0000   1.0000   0.0000   0.0000   0.0000   1.0000
IPH=  1  FIJPH     1.1221  -0.0000   0.0003  -0.0000   1.1221  -0.0002  -0.0003   0.0003   0.7918
         EIGNVAL   1.1221   1.1221   0.7918
         EIGNVEC   0.0784  -0.9969   0.0002   0.9969   0.0784  -0.0001   0.0001   0.0002   1.0000
IPH=  2  FIJPH     1.0014   0.0000  -0.0005   0.0000   1.0015   0.0003   0.0005  -0.0004   0.9971
         EIGNVAL   1.0014   1.0015   0.9971
         EIGNVEC   0.9965   0.0832  -0.0020  -0.0832   0.9965   0.0049   0.0024  -0.0048   1.0000

*******   STEP  14      *** NEFF=10 CALCULATION                
IPH=  0  FIJPH     1.0723   0.0000   0.0000   0.0000   1.0723   0.0000   0.0000   0.0000   0.8687
         EIGNVAL   1.0723   1.0723   0.8687
         EIGNVEC   1.0000   0.0000   0.0000   0.0000   1.0000   0.0000   0.0000   0.0000   1.0000
IPH=  1  FIJPH     1.1321  -0.0000   0.0003  -0.0000   1.1321  -0.0002  -0.0004   0.0003   0.7776
         EIGNVAL   1.1321   1.1321   0.7776
         EIGNVEC   0.0764  -0.9971   0.0002   0.9971   0.0764  -0.0001   0.0001   0.0002   1.0000
IPH=  2  FIJPH     1.0015   0.0000  -0.0005   0.0000   1.0015   0.0004   0.0006  -0.0004   0.9970
         EIGNVAL   1.0015   1.0015   0.9970
         EIGNVEC   0.9969   0.0788  -0.0020  -0.0788   0.9969   0.0049   0.0024  -0.0047   1.0000

*******   STEP  15      *** NEFF=10 CALCULATION                
IPH=  0  FIJPH     1.0777   0.0000   0.0000   0.0000   1.0777   0.0000   0.0000   0.0000   0.8601
         EIGNVAL   1.0777   1.0777   0.8601
         EIGNVEC   1.0000   0.0000   0.0000   0.0000   1.0000   0.0000   0.0000   0.0000   1.0000
IPH=  1  FIJPH     1.1423  -0.0000   0.0004  -0.0000   1.1422  -0.0003  -0.0004   0.0003   0.7637
