
 **** INPUT FILE VPSC.IN FOR THIS RUN ****
1                        number of elements (nelem)                             
2                        number of phases (nph)                                 
0.55628 0.44372          relative vol. fract. of phases (wph(i))                
*INFORMATION ABOUT PHASE #1                                                     
0 0 25                   grain shape contrl, fragmentn, crit aspect ratio       
1 1 1                    initial ellipsoid ratios (dummy if ishape=4            
0 0 0                    init Eul ang ellips axes (dummy if ishape=3,4)         
* name and path of texture file (filetext)                                      
betaTex.tex                                                                     
* name and path of single crystal file (filecrys)                               
beta.SX                                                                         
* name and path of grain shape file (dummy if ishape=0) (fileaxes)              
betaShape.morph                                                                 
*INFORMATION ABOUT PHASE #2                                                     
0 0 25                   grain shape contrl, fragmentn, crit aspect ratio       
1 1 1                    initial ellipsoid ratios (dummy if ishape=4            
0 0 0                    init Eul ang ellips axes (dummy if ishape=3,4)         
* name and path of texture file (filetext)                                      
alphaTex.tex                                                                    
* name and path of single crystal file (filecrys)                               
alpha.SX                                                                        
* name and path of grain shape file (dummy if ishape=0) (fileaxes)              
alphaShape.morph                                                                
*PRECISION SETTINGS FOR CONVERGENCE PROCEDURES                                  
0.001 0.001 0.001 0.001  errs,errd,errm,errso                                   
100 100 25               itmax:   max # of iter, external, internal and SO loops
0 2 10 2                 irsvar & jrsini,jrsfin,jrstep (dummy if irsvar=0)      
1                        ibcinv (0: don't use <Bc>**-1, 1: use <Bc>**-1 in SC eq
*INPUT/OUTPUT SETTINGS FOR THE RUN (default is zero)                            
0                        irecover:read grain states from POSTMORT.IN (1) or not 
0                        isave:   write grain states in POSTMORT.OUT at step 'is
0                        icubcomp:calculate fcc rolling components?             
0                        nwrite (frequency of texture downloads)                
*MODELING CONDITIONS FOR THE RUN                                                
3                        interaction (0:FC,1:affine,2:secant,3:neff=10,4:tangent
1 1 1                    iupdate: update orient, grain shape, hardening         
0                        nneigh (0 for no neighbors, 1 for pairs, etc.)         
0                        iflu (0: don't calc, 1: calc fluctuations)             
*NUMBER OF PROCESSES (Lij const; Lij variable; PCYS ;LANKFORD; rigid rotatn)    
1                                                                               
*IVGVAR AND PATH\NAME OF FILE FOR EACH PROCESS (dummy if ivgvar=2,3)            
0                                                                               
VelGrad.def                                                                     

IPH=  0  FIJPH     1.0000   0.0000   0.0000   0.0000   1.0000   0.0000   0.0000   0.0000   1.0000
         EIGNVAL   1.0000   1.0000   1.0000
         EIGNVEC   1.0000  -0.0000   0.0000   0.0000  -0.0000   1.0000   0.0000  -1.0000   0.0000

 **** CRYSTAL DATA FILE ****
*Material: Ti-6242                                                              
CUBIC                                crysym                                     
1	1	1.000000		90	90	90         cdim(i),cang(i)                                  
*Elastic stiffness of single crystal [MPa]                                      
135e3	113e3	113e3	0  		0  		0  		                                               
113e3	113e3	135e3	0  		0  		0  		                                               
113e3	113e3	135e3	0  		0  		0  		                                               
0  		0  		0  		54.9e3	0  		0  		                                                
0  		0  		0  		0  		54.9e3	0  		                                                
0  		0  		0  		0  		0  		54.9e3	                                                
*Thermal expansion coefficients of single crystal[K^(-1)]                       
0 0 0 0 0 0                                                                     
SLIP AND TWINNING MODES                                                         
3                                nmodesx                                        
3                                nmodes                                         
1 2 3                                 mode(i)                                   
   {110}<111> SLIP                                                              
1 12 1 0                       modex,nsmx,iopsysx,itwtypex                      
0 1 1   1 1 -1                                                                  
1 0 1   1 1 -1                                                                  
1 -1 0   1 1 -1                                                                 
0 1 -1   1 -1 -1                                                                
1 0 1   1 -1 -1                                                                 
1 1 0   1 -1 -1                                                                 
0 1 1   1 -1 1                                                                  
1 0 -1   1 -1 1                                                                 
1 1 0   1 -1 1                                                                  
0 1 -1   1 1 1                                                                  
1 0 -1   1 1 1                                                                  
1 -1 0   1 1 1                                                                  
   {112}<111> SLIP                                                              
2 12 1 0                       modex,nsmx,iopsysx,itwtypex                      
-2 1 -1   -1 -1 1                                                               
1 -2 -1   -1 -1 1                                                               
1 1 2   -1 -1 1                                                                 
-2 -1 -1   -1 1 1                                                               
1 2 -1   -1 1 1                                                                 
1 -1 2   -1 1 1                                                                 
2 1 -1   1 -1 1                                                                 
-1 -2 -1   1 -1 1                                                               
-1 1 2   1 -1 1                                                                 
2 -1 -1   1 1 1                                                                 
-1 2 -1   1 1 1                                                                 
-1 -1 2   1 1 1                                                                 
   {123}<111> SLIP                                                              
3 24 1 0                       modex,nsmx,iopsysx,itwtypex                      
1 2 3   1 1 -1                                                                  
-1 3 2   1 1 -1                                                                 
2 1 3   1 1 -1                                                                  
-2 3 1   1 1 -1                                                                 
3 -1 2   1 1 -1                                                                 
3 -2 1   1 1 -1                                                                 
-1 2 -3   1 -1 -1                                                               
1 3 -2   1 -1 -1                                                                
2 -1 3   1 -1 -1                                                                
2 3 -1   1 -1 -1                                                                
3 1 2   1 -1 -1                                                                 
3 2 1   1 -1 -1                                                                 
1 -2 -3   1 -1 1                                                                
1 3 2   1 -1 1                                                                  
2 -1 -3   1 -1 1                                                                
2 3 1   1 -1 1                                                                  
3 1 -2   1 -1 1                                                                 
3 2 -1   1 -1 1                                                                 
1 2 -3   1 1 1                                                                  
1 -3 2   1 1 1                                                                  
2 1 -3   1 1 1                                                                  
2 -3 1   1 1 1                                                                  
-3 1 2   1 1 1                                                                  
-3 2 1   1 1 1                                                                  
CONSTITUTIVE LAW                                                                
0           Voce = 0, MTS=1                                                     
1           iratesens (0:rate insensitive, 1:rate sensitive)                    
50           grsze --> grain size only matters if HPfactor is nonzero           
   {110}<111> SLIP----------------------------------------------------          
20                                             nrsx                             
30.0000 0.00000 0.00000 0.00000 0.00000            tau0x,tau1x,thet0,thet1, hpfa
0.00000 0.00000 0.00000        hlatex(1,im),im=1,nmodes                         
   {112}<111> SLIP----------------------------------------------------          
20                                             nrsx                             
30.0000 0.00000 0.00000 0.00000 0.00000            tau0x,tau1x,thet0,thet1, hpfa
0.00000 0.00000 0.00000        hlatex(1,im),im=1,nmodes                         
   {123}<111> SLIP----------------------------------------------------          
20                                             nrsx                             
30.0000 0.00000 0.00000 0.00000 0.00000            tau0x,tau1x,thet0,thet1, hpfa
0.00000 0.00000 0.00000        hlatex(1,im),im=1,nmodes                         
**** END OF CRYSTAL DATA FILE ****


  N & B FOR MODE  1 IN PHASE  1
     0.000     0.707     0.707        0.577     0.577    -0.577
     0.707     0.000     0.707        0.577     0.577    -0.577
     0.707    -0.707     0.000        0.577     0.577    -0.577
     0.000     0.707    -0.707        0.577    -0.577    -0.577
     0.707     0.000     0.707        0.577    -0.577    -0.577
     0.707     0.707     0.000        0.577    -0.577    -0.577
     0.000     0.707     0.707        0.577    -0.577     0.577
     0.707     0.000    -0.707        0.577    -0.577     0.577
     0.707     0.707     0.000        0.577    -0.577     0.577
     0.000     0.707    -0.707        0.577     0.577     0.577
     0.707     0.000    -0.707        0.577     0.577     0.577
     0.707    -0.707     0.000        0.577     0.577     0.577
  N & B FOR MODE  2 IN PHASE  1
    -0.816     0.408    -0.408       -0.577    -0.577     0.577
     0.408    -0.816    -0.408       -0.577    -0.577     0.577
     0.408     0.408     0.816       -0.577    -0.577     0.577
    -0.816    -0.408    -0.408       -0.577     0.577     0.577
     0.408     0.816    -0.408       -0.577     0.577     0.577
     0.408    -0.408     0.816       -0.577     0.577     0.577
     0.816     0.408    -0.408        0.577    -0.577     0.577
    -0.408    -0.816    -0.408        0.577    -0.577     0.577
    -0.408     0.408     0.816        0.577    -0.577     0.577
     0.816    -0.408    -0.408        0.577     0.577     0.577
    -0.408     0.816    -0.408        0.577     0.577     0.577
    -0.408    -0.408     0.816        0.577     0.577     0.577
  N & B FOR MODE  3 IN PHASE  1
     0.267     0.535     0.802        0.577     0.577    -0.577
    -0.267     0.802     0.535        0.577     0.577    -0.577
     0.535     0.267     0.802        0.577     0.577    -0.577
    -0.535     0.802     0.267        0.577     0.577    -0.577
     0.802    -0.267     0.535        0.577     0.577    -0.577
     0.802    -0.535     0.267        0.577     0.577    -0.577
    -0.267     0.535    -0.802        0.577    -0.577    -0.577
     0.267     0.802    -0.535        0.577    -0.577    -0.577
     0.535    -0.267     0.802        0.577    -0.577    -0.577
     0.535     0.802    -0.267        0.577    -0.577    -0.577
     0.802     0.267     0.535        0.577    -0.577    -0.577
     0.802     0.535     0.267        0.577    -0.577    -0.577
     0.267    -0.535    -0.802        0.577    -0.577     0.577
     0.267     0.802     0.535        0.577    -0.577     0.577
     0.535    -0.267    -0.802        0.577    -0.577     0.577
     0.535     0.802     0.267        0.577    -0.577     0.577
     0.802     0.267    -0.535        0.577    -0.577     0.577
     0.802     0.535    -0.267        0.577    -0.577     0.577
     0.267     0.535    -0.802        0.577     0.577     0.577
     0.267    -0.802     0.535        0.577     0.577     0.577
     0.535     0.267    -0.802        0.577     0.577     0.577
     0.535    -0.802     0.267        0.577     0.577     0.577
    -0.802     0.267     0.535        0.577     0.577     0.577
    -0.802     0.535     0.267        0.577     0.577     0.577

 **** CRYST TEXTURE (FIRST FEW LINES) ****
                                                                                
                                                                                
                                                                                
B 1000                                                                          
 326.53    0.16    0.00   0.0005563                                             
 326.53    0.16    0.00   0.0005563                                             
 326.53    0.16    0.00   0.0005563                                             
 326.53    0.16    0.00   0.0005563                                             
 326.53    0.16    0.00   0.0005563                                             
 326.53    0.16    0.00   0.0005563                                             
    .........................
 **** END OF CRYST TEXTURE DATA FILE ****

IPH=  1  FIJPH     1.0000   0.0000   0.0000   0.0000   1.0000   0.0000   0.0000   0.0000   1.0000
         EIGNVAL   1.0000   1.0000   1.0000
         EIGNVEC   1.0000  -0.0000   0.0000   0.0000  -0.0000   1.0000   0.0000  -1.0000   0.0000

 **** CRYSTAL DATA FILE ****
*Material: Ti-6242                                                              
HEXAGONAL                                crysym                                 
1	1	1.594000		90	90	120         cdim(i),cang(i)                                 
*Elastic stiffness of single crystal [MPa]                                      
141e3	76.9e3	57.9e3	0  		0  		0  		                                             
76.9e3	141e3	57.9e3	0  		0  		0  		                                             
57.9e3	57.9e3	163e3	0  		0  		0  		                                             
0  		0  		0  		48.7e3	0  		0  		                                                
0  		0  		0  		0  		48.7e3	0  		                                                
0  		0  		0  		0  		0  		32.05e3	                                               
*Thermal expansion coefficients of single crystal[K^(-1)]                       
5.7e-6 5.7e-6 10.3e-6 0 0 0                                                     
SLIP AND TWINNING MODES                                                         
4                                nmodesx                                        
4                                nmodes                                         
1 2 3 4                                 mode(i)                                 
PRISMATIC                                                                       
1 3 1 0                       modex,nsmx,iopsysx,itwtypex                       
1 0 -1 0   -1 2 -1 0                                                            
0 -1 1 0   2 -1 -1 0                                                            
-1 1 0 0   -1 -1 2 0                                                            
BASAL                                                                           
2 3 1 0                       modex,nsmx,iopsysx,itwtypex                       
0 0 0 1   2 -1 -1 0                                                             
0 0 0 1   -1 2 -1 0                                                             
0 0 0 1   -1 -1 2 0                                                             
PYRAMIDAL<c+a>                                                                  
3 12 1 0                       modex,nsmx,iopsysx,itwtypex                      
1 0 -1 1   2 -1 -1 -3                                                           
1 0 -1 1   1 1 -2 -3                                                            
0 1 -1 1   1 1 -2 -3                                                            
0 1 -1 1   -1 2 -1 -3                                                           
-1 1 0 1   -1 2 -1 -3                                                           
-1 1 0 1   -2 1 1 -3                                                            
-1 0 1 1   -2 1 1 -3                                                            
-1 0 1 1   -1 -1 2 -3                                                           
0 -1 1 1   -1 -1 2 -3                                                           
0 -1 1 1   1 -2 1 -3                                                            
1 -1 0 1   0 -1 2 -3                                                            
1 -1 0 1   2 -1 -1 -3                                                           
PYRAMIDAL<a>                                                                    
4 6 1 0                       modex,nsmx,iopsysx,itwtypex                       
1 0 -1 1   -1 2 -1 0                                                            
0 -1 1 1   2 -1 -1 0                                                            
-1 1 0 1   -1 -1 2 0                                                            
-1 0 1 1   -1 2 -1 0                                                            
0 1 -1 1   2 -1 -1 0                                                            
1 -1 0 1   1 1 -2 0                                                             
CONSTITUTIVE LAW                                                                
0           Voce = 0, MTS=1                                                     
1           iratesens (0:rate insensitive, 1:rate sensitive)                    
50           grsze --> grain size only matters if HPfactor is nonzero           
PRISMATIC----------------------------------------------------                   
20                                             nrsx                             
100.000 0.00000 0.00000 0.00000 0.00000            tau0x,tau1x,thet0,thet1, hpfa
0.00000 0.00000 0.00000 0.00000        hlatex(1,im),im=1,nmodes                 
BASAL----------------------------------------------------                       
20                                             nrsx                             
110.000 0.00000 0.00000 0.00000 0.00000            tau0x,tau1x,thet0,thet1, hpfa
0.00000 0.00000 0.00000 0.00000        hlatex(1,im),im=1,nmodes                 
PYRAMIDAL<c+a>----------------------------------------------------              
20                                             nrsx                             
300.000 0.00000 0.00000 0.00000 0.00000            tau0x,tau1x,thet0,thet1, hpfa
0.00000 0.00000 0.00000 0.00000        hlatex(1,im),im=1,nmodes                 
PYRAMIDAL<a>----------------------------------------------------                
20                                             nrsx                             
95.0000 0.00000 0.00000 0.00000 0.00000            tau0x,tau1x,thet0,thet1, hpfa
0.00000 0.00000 0.00000 0.00000        hlatex(1,im),im=1,nmodes                 
**** END OF CRYSTAL DATA FILE ****


  N & B FOR MODE  1 IN PHASE  2
     0.866     0.500     0.000       -0.500     0.866     0.000
     0.000    -1.000     0.000        1.000     0.000     0.000
    -0.866     0.500     0.000       -0.500    -0.866     0.000
  N & B FOR MODE  2 IN PHASE  2
     0.000     0.000     1.000        1.000     0.000     0.000
     0.000     0.000     1.000       -0.500     0.866     0.000
     0.000     0.000     1.000       -0.500    -0.866     0.000
  N & B FOR MODE  3 IN PHASE  2
     0.761     0.439     0.477        0.531     0.000    -0.847
     0.761     0.439     0.477        0.266     0.460    -0.847
     0.000     0.879     0.477        0.266     0.460    -0.847
     0.000     0.879     0.477       -0.266     0.460    -0.847
    -0.761     0.439     0.477       -0.266     0.460    -0.847
    -0.761     0.439     0.477       -0.531     0.000    -0.847
    -0.761    -0.439     0.477       -0.531     0.000    -0.847
    -0.761    -0.439     0.477       -0.266    -0.460    -0.847
     0.000    -0.879     0.477       -0.266    -0.460    -0.847
     0.000    -0.879     0.477        0.266    -0.460    -0.847
     0.761    -0.439     0.477       -0.091    -0.475    -0.875
     0.761    -0.439     0.477        0.531     0.000    -0.847
  N & B FOR MODE  4 IN PHASE  2
     0.761     0.439     0.477       -0.500     0.866     0.000
     0.000    -0.879     0.477        1.000     0.000     0.000
    -0.761     0.439     0.477       -0.500    -0.866     0.000
    -0.761    -0.439     0.477       -0.500     0.866     0.000
     0.000     0.879     0.477        1.000     0.000     0.000
     0.761    -0.439     0.477        0.500     0.866     0.000

 **** CRYST TEXTURE (FIRST FEW LINES) ****
                                                                                
                                                                                
                                                                                
B 1000                                                                          
 151.56   91.95  330.08   0.0004437                                             
 151.56   91.95  330.08   0.0004437                                             
 151.56   91.95  330.08   0.0004437                                             
 151.56   91.95  330.08   0.0004437                                             
 151.56   91.95  330.08   0.0004437                                             
 151.56   91.95  330.08   0.0004437                                             
    .........................
 **** END OF CRYST TEXTURE DATA FILE ****

IPH=  2  FIJPH     1.0000   0.0000   0.0000   0.0000   1.0000   0.0000   0.0000   0.0000   1.0000
         EIGNVAL   1.0000   1.0000   1.0000
         EIGNVEC   1.0000  -0.0000   0.0000   0.0000  -0.0000   1.0000   0.0000  -1.0000   0.0000

 UB ELASTIC STIFFNESS (VOIGT NOTATION)
  0.1599E+06  0.6478E+05  0.9878E+05  0.2200E+03 -0.1264E+03  0.9465E+04
  0.6478E+05  0.1605E+06  0.9897E+05 -0.2410E+03  0.9460E+02 -0.1101E+05
  0.9506E+05  0.9046E+05  0.1377E+06 -0.7587E+02 -0.2749E+02 -0.3528E+04
  0.2287E+03 -0.2211E+03 -0.4736E+02  0.5047E+05  0.3088E+04 -0.1485E+03
 -0.1206E+03  0.1077E+03 -0.8645E+01  0.3088E+04  0.4644E+05 -0.2444E+03
  0.9465E+04 -0.1101E+05  0.2102E+04 -0.1616E+03 -0.2530E+03  0.2836E+05


  ELASTIC ESHELBY TENSOR (VOIGT NOTATION)
     0.55646     0.01544     0.13082     0.00079    -0.00026     0.03204
     0.02094     0.54244     0.15548    -0.00062     0.00028    -0.05739
     0.14490     0.16338     0.44903     0.00030     0.00024     0.02764
     0.00118    -0.00019     0.00074     0.27778     0.00784    -0.00059
    -0.00002     0.00053     0.00051     0.00781     0.26720    -0.00079
     0.04061    -0.04879     0.03753    -0.00061    -0.00081     0.18105

SC ELASTIC STIFFNESS (VOIGT NOTATION)
  0.1582E+06  0.6376E+05  0.9650E+05  0.2186E+03 -0.1809E+03  0.1024E+05
  0.6376E+05  0.1551E+06  0.9885E+05 -0.2955E+03  0.1252E+03 -0.1547E+05
  0.9650E+05  0.9885E+05  0.1284E+06  0.8288E-01  0.1363E+02  0.4161E+04
  0.2186E+03 -0.2955E+03  0.8288E-01  0.5003E+05  0.3709E+04 -0.1464E+03
 -0.1809E+03  0.1252E+03  0.1363E+02  0.3709E+04  0.4519E+05 -0.2552E+03
  0.1024E+05 -0.1547E+05  0.4161E+04 -0.1464E+03 -0.2552E+03  0.2227E+05

SC ELASTIC COMPLIANCE (VOIGT NOTATION)
  0.1204E-04  0.8655E-06 -0.9614E-05 -0.2965E-07  0.1793E-07 -0.1568E-05
  0.8655E-06  0.1588E-04 -0.1330E-04  0.6318E-07  0.1359E-07  0.6556E-05
 -0.9614E-05 -0.1330E-04  0.2557E-04 -0.3016E-07 -0.2929E-07 -0.4797E-05
 -0.2965E-07  0.6318E-07 -0.3016E-07  0.5028E-05 -0.4125E-06  0.5989E-07
  0.1793E-07  0.1359E-07 -0.2929E-07 -0.4125E-06  0.5566E-05  0.6441E-07
 -0.1568E-05  0.6556E-05 -0.4797E-05  0.5989E-07  0.6441E-07  0.1431E-04

*** LOAD CONDITIONS FOR THIS RUN
50	3	0.01	298			nsteps	ictrl	eqincr	temp                                        
* boundary conditions                                                           
1	1	1		iudot	|	flag for vel.grad.                                               
1	1	1				|	(0:unknown-1:known)                                                  
1	1	1				|                                                                      
						|                                                                         
1	0	0		udot	|	vel.grad                                                          
0	0	0				|                                                                      
0	0	-1				|                                                                     
						|                                                                         
0	0	0		iscau	|	flag for Cauchy                                                  
	0	0				|                                                                       
		0				|                                                                        
						|                                                                         
0	0	0		scauchy	|	Cauchy stress                                                  
	0	0				|                                                                       
		0				|                                                                        

*******   STEP   1      *** NEFF=10 CALCULATION                

 xmctg after gr rate for grain  301
  0.9038E-02  0.1359E-01 -0.3199E-06 -0.1699E-05 -0.2019E-03
  0.1359E-01  0.2405E-01  0.5948E-05  0.1093E-04 -0.2649E-03
 -0.3199E-06  0.5948E-05  0.2012E-02  0.1851E-02  0.6271E-05
 -0.1699E-05  0.1093E-04  0.1851E-02  0.3220E-02 -0.6570E-05
 -0.2019E-03 -0.2649E-03  0.6271E-05 -0.6570E-05  0.1427E-02

 xmctg after gr rate for grain  302
  0.9038E-02  0.1359E-01 -0.3199E-06 -0.1699E-05 -0.2019E-03
  0.1359E-01  0.2405E-01  0.5948E-05  0.1093E-04 -0.2649E-03
 -0.3199E-06  0.5948E-05  0.2012E-02  0.1851E-02  0.6271E-05
 -0.1699E-05  0.1093E-04  0.1851E-02  0.3220E-02 -0.6570E-05
 -0.2019E-03 -0.2649E-03  0.6271E-05 -0.6570E-05  0.1427E-02

 xmctg after gr rate for grain  303
  0.9038E-02  0.1359E-01 -0.3199E-06 -0.1699E-05 -0.2019E-03
  0.1359E-01  0.2405E-01  0.5948E-05  0.1093E-04 -0.2649E-03
 -0.3199E-06  0.5948E-05  0.2012E-02  0.1851E-02  0.6271E-05
 -0.1699E-05  0.1093E-04  0.1851E-02  0.3220E-02 -0.6570E-05
 -0.2019E-03 -0.2649E-03  0.6271E-05 -0.6570E-05  0.1427E-02

 xmctg after gr rate for grain  304
  0.9038E-02  0.1359E-01 -0.3199E-06 -0.1699E-05 -0.2019E-03
  0.1359E-01  0.2405E-01  0.5948E-05  0.1093E-04 -0.2649E-03
 -0.3199E-06  0.5948E-05  0.2012E-02  0.1851E-02  0.6271E-05
 -0.1699E-05  0.1093E-04  0.1851E-02  0.3220E-02 -0.6570E-05
 -0.2019E-03 -0.2649E-03  0.6271E-05 -0.6570E-05  0.1427E-02

 xmctg after gr rate for grain  305
  0.9038E-02  0.1359E-01 -0.3199E-06 -0.1699E-05 -0.2019E-03
  0.1359E-01  0.2405E-01  0.5948E-05  0.1093E-04 -0.2649E-03
 -0.3199E-06  0.5948E-05  0.2012E-02  0.1851E-02  0.6271E-05
 -0.1699E-05  0.1093E-04  0.1851E-02  0.3220E-02 -0.6570E-05
 -0.2019E-03 -0.2649E-03  0.6271E-05 -0.6570E-05  0.1427E-02
IPH=  0  FIJPH     1.0100   0.0000   0.0000   0.0000   1.0000   0.0000   0.0000   0.0000   0.9900
         EIGNVAL   1.0000   1.0100   0.9900
         EIGNVEC   0.0000  -1.0000   0.0000   1.0000  -0.0000   0.0000   0.0000  -0.0000   1.0000
IPH=  1  FIJPH     1.0163   0.0003   0.0000   0.0002   1.0002   0.0000   0.0001  -0.0000   0.9835
         EIGNVAL   1.0002   1.0163   0.9835
         EIGNVEC  -0.0161  -0.9999  -0.0014   0.9999  -0.0161  -0.0001   0.0001  -0.0014   1.0000
IPH=  2  FIJPH     1.0021  -0.0003  -0.0000  -0.0003   0.9997  -0.0000  -0.0001   0.0000   0.9982
         EIGNVAL   0.9997   1.0021   0.9982
         EIGNVEC   0.1335  -0.9909   0.0146   0.9910   0.1336   0.0045  -0.0064   0.0139   0.9999

*******   STEP   2      *** NEFF=10 CALCULATION                
IPH=  0  FIJPH     1.0201   0.0000   0.0000   0.0000   1.0000   0.0000   0.0000   0.0000   0.9801
         EIGNVAL   1.0000   1.0201   0.9801
         EIGNVEC   0.0000  -1.0000   0.0000   1.0000  -0.0000   0.0000   0.0000  -0.0000   1.0000
IPH=  1  FIJPH     1.0328   0.0005   0.0001   0.0005   1.0004   0.0000   0.0001  -0.0000   0.9673
         EIGNVAL   1.0004   1.0329   0.9673
         EIGNVEC  -0.0161  -0.9999  -0.0014   0.9999  -0.0161  -0.0001   0.0001  -0.0014   1.0000
IPH=  2  FIJPH     1.0042  -0.0007  -0.0001  -0.0006   0.9995  -0.0000  -0.0002   0.0000   0.9963
         EIGNVAL   0.9994   1.0043   0.9963
         EIGNVEC   0.1327  -0.9910   0.0147   0.9911   0.1328   0.0048  -0.0067   0.0139   0.9999

*******   STEP   3      *** NEFF=10 CALCULATION                
IPH=  0  FIJPH     1.0303   0.0000   0.0000   0.0000   1.0000   0.0000   0.0000   0.0000   0.9703
         EIGNVAL   1.0000   1.0303   0.9703
         EIGNVEC   0.0000  -1.0000   0.0000   1.0000  -0.0000   0.0000   0.0000  -0.0000   1.0000
IPH=  1  FIJPH     1.0496   0.0008   0.0001   0.0008   1.0006   0.0000   0.0002  -0.0000   0.9513
         EIGNVAL   1.0006   1.0497   0.9513
         EIGNVEC  -0.0161  -0.9999  -0.0014   0.9999  -0.0161  -0.0001   0.0001  -0.0014   1.0000
IPH=  2  FIJPH     1.0064  -0.0010  -0.0001  -0.0009   0.9992  -0.0000  -0.0002   0.0000   0.9945
         EIGNVAL   0.9991   1.0065   0.9945
         EIGNVEC   0.1319  -0.9911   0.0147   0.9912   0.1320   0.0051  -0.0069   0.0139   0.9999

*******   STEP   4      *** NEFF=10 CALCULATION                
IPH=  0  FIJPH     1.0406   0.0000   0.0000   0.0000   1.0000   0.0000   0.0000   0.0000   0.9606
         EIGNVAL   1.0000   1.0406   0.9606
         EIGNVEC   0.0000  -1.0000   0.0000   1.0000  -0.0000   0.0000   0.0000  -0.0000   1.0000
IPH=  1  FIJPH     1.0667   0.0011   0.0001   0.0011   1.0009   0.0000   0.0003  -0.0000   0.9357
         EIGNVAL   1.0008   1.0667   0.9357
         EIGNVEC  -0.0161  -0.9999  -0.0014   0.9999  -0.0161  -0.0002   0.0001  -0.0014   1.0000
IPH=  2  FIJPH     1.0085  -0.0014  -0.0001  -0.0012   0.9989  -0.0000  -0.0003   0.0000   0.9926
         EIGNVAL   0.9987   1.0087   0.9926
         EIGNVEC   0.1312  -0.9913   0.0147   0.9913   0.1313   0.0053  -0.0072   0.0139   0.9999

*******   STEP   5      *** NEFF=10 CALCULATION                
IPH=  0  FIJPH     1.0510   0.0000   0.0000   0.0000   1.0000   0.0000   0.0000   0.0000   0.9510
         EIGNVAL   1.0000   1.0510   0.9510
         EIGNVEC   0.0000  -1.0000   0.0000   1.0000  -0.0000   0.0000   0.0000  -0.0000   1.0000
IPH=  1  FIJPH     1.0840   0.0013   0.0001   0.0014   1.0011   0.0000   0.0003  -0.0000   0.9202
         EIGNVAL   1.0011   1.0840   0.9202
         EIGNVEC  -0.0161  -0.9999  -0.0014   0.9999  -0.0161  -0.0002   0.0001  -0.0014   1.0000
IPH=  2  FIJPH     1.0107  -0.0017  -0.0002  -0.0015   0.9986  -0.0000  -0.0004   0.0000   0.9907
         EIGNVAL   0.9984   1.0110   0.9907
         EIGNVEC   0.1304  -0.9914   0.0147   0.9914   0.1305   0.0056  -0.0075   0.0139   0.9999

*******   STEP   6      *** NEFF=10 CALCULATION                
IPH=  0  FIJPH     1.0615   0.0000   0.0000   0.0000   1.0000   0.0000   0.0000   0.0000   0.9415
         EIGNVAL   1.0000   1.0615   0.9415
         EIGNVEC   0.0000  -1.0000   0.0000   1.0000  -0.0000   0.0000   0.0000  -0.0000   1.0000
IPH=  1  FIJPH     1.1016   0.0016   0.0002   0.0017   1.0013   0.0000   0.0004   0.0000   0.9051
         EIGNVAL   1.0013   1.1016   0.9051
         EIGNVEC  -0.0161  -0.9999  -0.0014   0.9999  -0.0161  -0.0002   0.0002  -0.0014   1.0000
IPH=  2  FIJPH     1.0130  -0.0020  -0.0002  -0.0019   0.9983  -0.0001  -0.0005  -0.0000   0.9888
         EIGNVAL   0.9981   1.0132   0.9888
         EIGNVEC   0.1296  -0.9915   0.0147   0.9915   0.1297   0.0059  -0.0077   0.0138   0.9999

*******   STEP   7      *** NEFF=10 CALCULATION                
IPH=  0  FIJPH     1.0721   0.0000   0.0000   0.0000   1.0000   0.0000   0.0000   0.0000   0.9321
         EIGNVAL   1.0000   1.0721   0.9321
         EIGNVEC   0.0000  -1.0000   0.0000   1.0000  -0.0000   0.0000   0.0000  -0.0000   1.0000
IPH=  1  FIJPH     1.1194   0.0018   0.0002   0.0020   1.0016   0.0001   0.0004   0.0000   0.8903
         EIGNVAL   1.0015   1.1195   0.8903
         EIGNVEC  -0.0162  -0.9999  -0.0015   0.9999  -0.0162  -0.0002   0.0002  -0.0015   1.0000
IPH=  2  FIJPH     1.0152  -0.0024  -0.0003  -0.0022   0.9981  -0.0001  -0.0005  -0.0000   0.9869
         EIGNVAL   0.9978   1.0156   0.9869
         EIGNVEC   0.1288  -0.9916   0.0147   0.9916   0.1289   0.0061  -0.0080   0.0138   0.9999

*******   STEP   8      *** NEFF=10 CALCULATION                
IPH=  0  FIJPH     1.0829   0.0000   0.0000   0.0000   1.0000   0.0000   0.0000   0.0000   0.9227
         EIGNVAL   1.0000   1.0829   0.9227
         EIGNVEC   0.0000  -1.0000   0.0000   1.0000  -0.0000   0.0000   0.0000  -0.0000   1.0000
IPH=  1  FIJPH     1.1375   0.0021   0.0002   0.0023   1.0018   0.0001   0.0005   0.0000   0.8756
         EIGNVAL   1.0018   1.1376   0.8756
         EIGNVEC  -0.0162  -0.9999  -0.0015   0.9999  -0.0162  -0.0002   0.0002  -0.0015   1.0000
IPH=  2  FIJPH     1.0176  -0.0027  -0.0003  -0.0025   0.9978  -0.0001  -0.0006  -0.0000   0.9849
         EIGNVAL   0.9974   1.0179   0.9849
         EIGNVEC   0.1280  -0.9917   0.0148   0.9917   0.1281   0.0064  -0.0082   0.0138   0.9999

*******   STEP   9      *** NEFF=10 CALCULATION                
IPH=  0  FIJPH     1.0937   0.0000   0.0000   0.0000   1.0000   0.0000   0.0000   0.0000   0.9135
         EIGNVAL   1.0000   1.0937   0.9135
         EIGNVEC   0.0000  -1.0000   0.0000   1.0000  -0.0000   0.0000   0.0000  -0.0000   1.0000
IPH=  1  FIJPH     1.1559   0.0023   0.0003   0.0027   1.0020   0.0001   0.0006   0.0000   0.8613
         EIGNVAL   1.0020   1.1559   0.8613
         EIGNVEC  -0.0163  -0.9999  -0.0015   0.9999  -0.0163  -0.0003   0.0002  -0.0015   1.0000
IPH=  2  FIJPH     1.0199  -0.0031  -0.0004  -0.0028   0.9974  -0.0001  -0.0007  -0.0000   0.9830
         EIGNVAL   0.9971   1.0203   0.9830
         EIGNVEC   0.1272  -0.9918   0.0148   0.9918   0.1273   0.0067  -0.0085   0.0138   0.9999

*******   STEP  10      *** NEFF=10 CALCULATION                
IPH=  0  FIJPH     1.1046   0.0000   0.0000   0.0000   1.0000   0.0000   0.0000   0.0000   0.9044
         EIGNVAL   1.0000   1.1046   0.9044
         EIGNVEC   0.0000  -1.0000   0.0000   1.0000  -0.0000   0.0000   0.0000  -0.0000   1.0000
IPH=  1  FIJPH     1.1745   0.0026   0.0003   0.0030   1.0023   0.0001   0.0006   0.0000   0.8472
         EIGNVAL   1.0023   1.1746   0.8472
         EIGNVEC  -0.0163  -0.9999  -0.0015   0.9999  -0.0163  -0.0003   0.0002  -0.0015   1.0000
IPH=  2  FIJPH     1.0223  -0.0034  -0.0004  -0.0031   0.9971  -0.0001  -0.0008  -0.0000   0.9810
         EIGNVAL   0.9967   1.0227   0.9810
         EIGNVEC   0.1264  -0.9919   0.0148   0.9919   0.1265   0.0069  -0.0087   0.0138   0.9999

*******   STEP  11      *** NEFF=10 CALCULATION                
IPH=  0  FIJPH     1.1157   0.0000   0.0000   0.0000   1.0000   0.0000   0.0000   0.0000   0.8953
         EIGNVAL   1.0000   1.1157   0.8953
         EIGNVEC   0.0000  -1.0000   0.0000   1.0000  -0.0000   0.0000   0.0000  -0.0000   1.0000
IPH=  1  FIJPH     1.1934   0.0028   0.0004   0.0034   1.0026   0.0001   0.0007   0.0000   0.8334
         EIGNVAL   1.0025   1.1935   0.8334
         EIGNVEC  -0.0164  -0.9999  -0.0015   0.9999  -0.0164  -0.0003   0.0003  -0.0015   1.0000
IPH=  2  FIJPH     1.0247  -0.0038  -0.0005  -0.0034   0.9968  -0.0001  -0.0008  -0.0000   0.9790
         EIGNVAL   0.9964   1.0252   0.9790
         EIGNVEC   0.1256  -0.9920   0.0148   0.9920   0.1257   0.0071  -0.0089   0.0138   0.9999

*******   STEP  12      *** NEFF=10 CALCULATION                
IPH=  0  FIJPH     1.1268   0.0000   0.0000   0.0000   1.0000   0.0000   0.0000   0.0000   0.8864
         EIGNVAL   1.0000   1.1268   0.8864
         EIGNVEC   0.0000  -1.0000   0.0000   1.0000  -0.0000   0.0000   0.0000  -0.0000   1.0000
IPH=  1  FIJPH     1.2126   0.0030   0.0004   0.0038   1.0028   0.0001   0.0007   0.0000   0.8198
         EIGNVAL   1.0028   1.2126   0.8198
         EIGNVEC  -0.0164  -0.9999  -0.0015   0.9999  -0.0164  -0.0003   0.0003  -0.0015   1.0000
IPH=  2  FIJPH     1.0272  -0.0042  -0.0005  -0.0037   0.9965  -0.0001  -0.0009  -0.0000   0.9769
         EIGNVAL   0.9960   1.0277   0.9769
         EIGNVEC   0.1247  -0.9921   0.0148   0.9921   0.1249   0.0074  -0.0092   0.0138   0.9999

*******   STEP  13      *** NEFF=10 CALCULATION                
IPH=  0  FIJPH     1.1381   0.0000   0.0000   0.0000   1.0000   0.0000   0.0000   0.0000   0.8775
         EIGNVAL   1.0000   1.1381   0.8775
         EIGNVEC   0.0000  -1.0000   0.0000   1.0000  -0.0000   0.0000   0.0000  -0.0000   1.0000
IPH=  1  FIJPH     1.2320   0.0033   0.0004   0.0042   1.0031   0.0001   0.0008   0.0000   0.8064
         EIGNVAL   1.0030   1.2321   0.8064
         EIGNVEC  -0.0165  -0.9999  -0.0015   0.9999  -0.0165  -0.0003   0.0003  -0.0015   1.0000
IPH=  2  FIJPH     1.0297  -0.0045  -0.0006  -0.0040   0.9962  -0.0001  -0.0010  -0.0001   0.9749
         EIGNVAL   0.9956   1.0302   0.9749
         EIGNVEC   0.1239  -0.9922   0.0148   0.9922   0.1240   0.0076  -0.0094   0.0137   0.9999

*******   STEP  14      *** NEFF=10 CALCULATION                
IPH=  0  FIJPH     1.1495   0.0000   0.0000   0.0000   1.0000   0.0000   0.0000   0.0000   0.8687
         EIGNVAL   1.0000   1.1495   0.8687
         EIGNVEC   0.0000  -1.0000   0.0000   1.0000  -0.0000   0.0000   0.0000  -0.0000   1.0000
IPH=  1  FIJPH     1.2517   0.0036   0.0005   0.0046   1.0034   0.0001   0.0008   0.0000   0.7933
         EIGNVAL   1.0033   1.2518   0.7933
         EIGNVEC  -0.0166  -0.9999  -0.0015   0.9999  -0.0166  -0.0004   0.0003  -0.0015   1.0000
IPH=  2  FIJPH     1.0323  -0.0049  -0.0006  -0.0043   0.9958  -0.0002  -0.0011  -0.0001   0.9728
         EIGNVAL   0.9952   1.0329   0.9728
         EIGNVEC   0.1231  -0.9923   0.0148   0.9924   0.1232   0.0078  -0.0096   0.0137   0.9999

*******   STEP  15      *** NEFF=10 CALCULATION                
IPH=  0  FIJPH     1.1610   0.0000   0.0000   0.0000   1.0000   0.0000   0.0000   0.0000   0.8601
         EIGNVAL   1.0000   1.1610   0.8601
         EIGNVEC   0.0000  -1.0000   0.0000   1.0000  -0.0000   0.0000   0.0000  -0.0000   1.0000
IPH=  1  FIJPH     1.2717   0.0038   0.0005   0.0050   1.0037   0.0001   0.0009   0.0000   0.7804
