    STEP   AVACS   MODE1   MODE2   MODE3   MODE4
       1   3.313   0.656   0.344   0.000   0.000
       2   3.307   0.656   0.343   0.000   0.000
       3   3.265   0.673   0.326   0.001   0.000
       4   3.160   0.725   0.274   0.001   0.000
       5   2.912   0.790   0.210   0.000   0.000
       6   2.540   0.859   0.141   0.000   0.000
       7   2.184   0.928   0.072   0.000   0.000
       8   1.818   0.985   0.015   0.000   0.000
       9   1.736   1.000   0.000   0.000   0.000
      10   1.771   1.000   0.000   0.000   0.000
      11   1.735   0.994   0.000   0.006   0.000
      12   2.383   0.932   0.001   0.067   0.000
      13   2.717   0.857   0.004   0.139   0.000
      14   3.025   0.779   0.010   0.212   0.000
      15   3.239   0.696   0.020   0.285   0.000
      16   3.528   0.615   0.036   0.349   0.000
      17   3.937   0.565   0.050   0.385   0.000
      18   4.112   0.542   0.057   0.401   0.000
      19   4.218   0.538   0.057   0.405   0.000
      20   4.151   0.539   0.059   0.402   0.000
      21   4.016   0.555   0.057   0.388   0.000
      22   3.620   0.599   0.044   0.356   0.000
      23   3.220   0.685   0.024   0.291   0.000
      24   2.990   0.779   0.011   0.210   0.000
      25   2.680   0.866   0.004   0.130   0.000
      26   2.240   0.944   0.001   0.055   0.000
      27   1.736   0.999   0.000   0.001   0.000
      28   1.771   1.000   0.000   0.000   0.000
      29   1.739   1.000   0.000   0.000   0.000
      30   1.859   0.979   0.020   0.000   0.000
      31   2.196   0.927   0.073   0.001   0.000
      32   2.514   0.867   0.133   0.001   0.000
      33   2.835   0.807   0.192   0.001   0.000
      34   3.099   0.749   0.249   0.001   0.000
      35   3.240   0.696   0.303   0.001   0.000
      36   3.320   0.665   0.334   0.001   0.000
  STRAIN   AVACS   PRITW   SECTW   MODE1   MODE2   MODE3   MODE4   TWFR3   EFFR3   TWFR4   EFFR4
   0.000   3.312   0.000   0.000   0.655   0.345   0.000   0.000   0.000   0.000   0.000   0.000
   0.010   3.913   0.000   0.000   0.433   0.556   0.010   0.000   0.000   0.000   0.000   0.000
   0.020   3.800   0.000   0.000   0.467   0.519   0.014   0.000   0.002   0.000   0.000   0.000
   0.030   3.721   0.001   0.000   0.494   0.488   0.017   0.001   0.004   0.001   0.000   0.000
   0.040   3.678   0.004   0.000   0.510   0.470   0.018   0.003   0.007   0.004   0.000   0.000
   0.050   3.725   0.006   0.000   0.517   0.459   0.018   0.006   0.010   0.006   0.000   0.000
   0.060   3.831   0.011   0.000   0.516   0.457   0.016   0.011   0.013   0.011   0.001   0.000
   0.070   3.949   0.016   0.000   0.511   0.459   0.014   0.016   0.016   0.016   0.003   0.000
   0.080   4.032   0.018   0.000   0.506   0.460   0.013   0.021   0.018   0.018   0.005   0.000
   0.090   4.073   0.020   0.000   0.499   0.464   0.013   0.024   0.020   0.020   0.007   0.000
   0.100   4.079   0.023   0.000   0.491   0.472   0.012   0.025   0.023   0.023   0.011   0.000
   0.110   4.065   0.025   0.000   0.483   0.481   0.011   0.024   0.025   0.025   0.014   0.000
   0.120   4.027   0.027   0.000   0.477   0.490   0.010   0.022   0.027   0.027   0.017   0.001
   0.130   3.943   0.030   0.000   0.473   0.497   0.010   0.019   0.028   0.028   0.020   0.002
   0.140   3.843   0.033   0.000   0.469   0.505   0.010   0.016   0.030   0.030   0.022   0.003
   0.150   3.799   0.036   0.000   0.465   0.512   0.010   0.013   0.032   0.032   0.024   0.004
    STEP   AVACS   MODE1   MODE2   MODE3   MODE4
       1   3.794   0.464   0.513   0.010   0.013
       2   3.727   0.467   0.510   0.010   0.013
       3   3.725   0.472   0.504   0.009   0.014
       4   3.723   0.492   0.482   0.009   0.017
       5   3.483   0.553   0.419   0.010   0.017
       6   3.232   0.658   0.316   0.011   0.015
       7   2.946   0.773   0.205   0.012   0.010
       8   2.473   0.887   0.096   0.011   0.005
       9   1.760   0.983   0.008   0.009   0.000
      10   1.846   0.983   0.000   0.017   0.000
      11   2.585   0.890   0.000   0.109   0.000
      12   3.153   0.755   0.000   0.245   0.000
      13   3.349   0.615   0.000   0.385   0.000
      14   3.356   0.475   0.001   0.525   0.000
      15   3.130   0.342   0.002   0.656   0.000
      16   3.152   0.268   0.003   0.729   0.000
      17   3.355   0.247   0.002   0.752   0.000
      18   3.447   0.240   0.001   0.759   0.000
      19   3.443   0.241   0.001   0.758   0.000
      20   3.461   0.244   0.001   0.755   0.000
      21   3.360   0.254   0.002   0.745   0.000
      22   3.113   0.278   0.003   0.719   0.000
      23   3.064   0.357   0.002   0.641   0.000
      24   3.285   0.493   0.001   0.506   0.000
      25   3.279   0.631   0.000   0.369   0.000
      26   3.110   0.766   0.000   0.234   0.000
      27   2.590   0.896   0.000   0.104   0.000
      28   1.839   0.981   0.000   0.019   0.000
      29   1.807   0.972   0.013   0.014   0.001
      30   2.511   0.870   0.106   0.018   0.006
      31   3.010   0.757   0.214   0.018   0.010
      32   3.304   0.647   0.321   0.017   0.014
      33   3.545   0.550   0.418   0.016   0.017
      34   3.764   0.492   0.479   0.013   0.016
      35   3.733   0.471   0.503   0.012   0.014
      36   3.738   0.466   0.510   0.011   0.013
  STRAIN   AVACS   PRITW   SECTW   MODE1   MODE2   MODE3   MODE4   TWFR3   EFFR3   TWFR4   EFFR4
   0.150   3.800   0.036   0.000   0.464   0.513   0.010   0.013   0.032   0.032   0.024   0.004
   0.160   3.742   0.039   0.000   0.461   0.518   0.010   0.010   0.034   0.034   0.026   0.005
   0.170   3.721   0.041   0.000   0.458   0.524   0.010   0.008   0.035   0.035   0.027   0.006
   0.180   3.716   0.044   0.000   0.454   0.529   0.010   0.006   0.037   0.037   0.028   0.007
   0.190   3.683   0.046   0.001   0.451   0.535   0.010   0.005   0.039   0.039   0.029   0.007
   0.200   3.661   0.047   0.001   0.448   0.539   0.010   0.003   0.041   0.041   0.029   0.008
   0.210   3.635   0.049   0.002   0.445   0.543   0.009   0.003   0.042   0.042   0.030   0.008
   0.220   3.622   0.051   0.002   0.442   0.547   0.009   0.002   0.044   0.044   0.030   0.008
   0.230   3.617   0.053   0.002   0.440   0.550   0.009   0.001   0.045   0.046   0.031   0.009
   0.240   3.610   0.054   0.002   0.438   0.552   0.009   0.001   0.047   0.047   0.031   0.009
   0.250   3.599   0.056   0.002   0.436   0.555   0.008   0.001   0.048   0.049   0.031   0.009
   0.260   3.586   0.057   0.002   0.434   0.558   0.008   0.001   0.050   0.050   0.031   0.009
   0.270   3.573   0.057   0.003   0.432   0.560   0.007   0.000   0.051   0.051   0.031   0.009
   0.280   3.555   0.058   0.003   0.432   0.560   0.007   0.000   0.052   0.052   0.031   0.009
   0.290   3.563   0.059   0.004   0.431   0.562   0.007   0.000   0.054   0.054   0.031   0.009
   0.300   3.566   0.060   0.005   0.431   0.562   0.007   0.000   0.055   0.055   0.031   0.009
    STEP   AVACS   MODE1   MODE2   MODE3   MODE4
       1   3.568   0.430   0.563   0.007   0.000
       2   3.545   0.429   0.565   0.007   0.000
       3   3.529   0.425   0.568   0.007   0.000
       4   3.350   0.423   0.570   0.006   0.000
       5   3.081   0.481   0.510   0.008   0.000
       6   3.040   0.610   0.378   0.011   0.000
       7   2.815   0.744   0.243   0.013   0.000
       8   2.528   0.868   0.118   0.014   0.000
       9   1.888   0.961   0.019   0.019   0.000
      10   1.972   0.950   0.003   0.046   0.000
      11   2.498   0.862   0.003   0.135   0.000
      12   3.024   0.731   0.006   0.263   0.000
      13   3.282   0.588   0.018   0.394   0.000
      14   3.469   0.441   0.066   0.493   0.000
      15   3.499   0.314   0.169   0.517   0.000
      16   3.922   0.273   0.147   0.579   0.000
      17   4.080   0.266   0.108   0.626   0.000
      18   4.344   0.262   0.093   0.644   0.000
      19   4.334   0.262   0.090   0.649   0.000
      20   4.332   0.265   0.095   0.640   0.000
      21   4.047   0.271   0.111   0.618   0.000
      22   3.882   0.281   0.155   0.564   0.000
      23   3.462   0.326   0.176   0.497   0.000
      24   3.462   0.456   0.068   0.476   0.000
      25   3.260   0.599   0.019   0.382   0.000
      26   2.996   0.737   0.006   0.258   0.000
      27   2.498   0.862   0.003   0.135   0.000
      28   1.989   0.947   0.004   0.049   0.000
      29   1.913   0.951   0.025   0.023   0.000
      30   2.562   0.858   0.124   0.018   0.000
      31   2.859   0.734   0.249   0.016   0.000
      32   3.080   0.602   0.384   0.014   0.000
      33   3.135   0.478   0.512   0.010   0.000
      34   3.424   0.424   0.568   0.007   0.000
      35   3.581   0.425   0.567   0.007   0.000
      36   3.556   0.429   0.564   0.007   0.000
