
 **** INPUT FILE VPSC.IN FOR THIS RUN ****
1                          number of elements (nelem)                           
1                          number of phases (nph)                               
1.0  0.0                   relative vol. fract. of phases (wph(i))              
*INFORMATION ABOUT PHASE #1                                                     
0   0   25                    grain shape contrl, fragmentn, crit aspect ratio  
1.0  1.0  1.0                 initial ellipsoid ratios (dummy if ishape=4)      
0.0  0.0  0.0                 init Eul ang ellips axes (dummy if ishape=3,4)    
* name and path of texture file (filetext)                                      
zr_5678.tex                                                                     
* name and path of single crystal file (filecrys)                               
zr_293K.sx                                                                      
* name and path of grain shape file (dummy if ishape=0) (fileaxes)              
shape1.100                                                                      
*PRECISION SETTINGS FOR CONVERGENCE PROCEDURES (default values)                 
1.e-3  1.e-3  1.e-3   0.01     errs,errd,errm,errso                             
100 100 25     itmax:   max # of iter, external, internal and SO loops          
0  2  10  2   irsvar & jrsini,jrsfin,jrstep (dummy if irsvar=0)                 
1              ibcinv (0: don't use <Bc>**-1, 1: use <Bc>**-1 in SC eq)         
*INPUT/OUTPUT SETTINGS FOR THE RUN (default is zero)                            
0              irecover:read grain states from POSTMORT.IN (1) or not (0)?      
0              isave:   write grain states in POSTMORT.OUT at step 'isave'?     
0              icubcomp:calculate fcc rolling components?                       
1              nwrite (frequency of texture downloads)                          
*MODELING CONDITIONS FOR THE RUN                                                
3              interaction (0:FC,1:affine,2:secant,3:neff=10,4:tangent,5:SO)    
1  1  1        iupdate: update orient, grain shape, hardening                   
0              nneigh (0 for no neighbors, 1 for pairs, etc.)                   
0              iflu (0: don't calc, 1: calc fluctuations)                       
*NUMBER OF PROCESSES (Lij const; Lij variable; PCYS ;LANKFORD; rigid rotatn)    
5                                                                               
*IVGVAR AND PATH\NAME OF FILE FOR EACH PROCESS (dummy if ivgvar=2,3)            
2             ivgvar=2 will calculate initial PCYS                              
1 2                -->   (S1,S2) projection of stress space                     
0                  -->   15% through-thickness compression                      
TTC15.3                                                                         
2             ivgvar=2 will calculate intermediate PCYS                         
1 2                -->   (S1,S2) projection of stress space                     
0                  -->   15% through-thickness compression                      
TTC15.3                                                                         
2             ivgvar=2 will calculate final PCYS                                
1 2                -->   (S1,S2) projection of stress space                     

IPH=  0  FIJPH     1.0000   0.0000   0.0000   0.0000   1.0000   0.0000   0.0000   0.0000   1.0000
         EIGNVAL   1.0000   1.0000   1.0000
         EIGNVEC   1.0000  -0.0000   0.0000   0.0000  -0.0000   1.0000   0.0000  -1.0000   0.0000

 **** CRYSTAL DATA FILE ****
*Material: zirconium                                                            
HEXAGONAL                                crysym                                 
1.  1.  1.594     90.  90.  120.         cdim(i),cang(i)                        
*Elastic stiffness of single crystal [MPa]                                      
  143.5e3    72.5e3    65.4e3     0.0     0.0     0.0                           
   72.5e3   143.5e3    65.4e3     0.0     0.0     0.0                           
   65.4e3    65.4e3   164.9e3     0.0     0.0     0.0                           
    0.0     0.0     0.0    32.1e3     0.0e3     0.0e3                           
    0.0     0.0     0.0     0.0e3    32.1e3     0.0e3                           
    0.0     0.0     0.0     0.0e3     0.0e3    35.5e3                           
*Thermal expansion coefficients of single crystal[K^(-1)]                       
  5.7e-6   5.7e-6  10.3e-6   0.0e0   0.0e0   0.0e0                              
SLIP AND TWINNING MODES                                                         
6                               nmodesx                                         
4                               nmodes                                          
1  4  5  6                      mode(i)                                         
PRISMATIC <a>                                                                   
  1    3   1   0                       modex,nsmx,iopsysx,itwtypex              
 1  0 -1  0    -1  2 -1  0                                                      
 0 -1  1  0     2 -1 -1  0                                                      
 -1  1  0  0    -1 -1  2  0                                                     
BASAL <a>                                                                       
  2    3   1   0                       modex,nsmx,iopsysx,itwtypex              
 0  0  0  1     2 -1 -1  0                                                      
 0  0  0  1    -1  2 -1  0                                                      
 0  0  0  1    -1 -1  2  0                                                      
PYRAMIDAL<a>                                                                    
  3    6   1   0                       modex,nsmx,iopsysx,itwtypex              
 1  0 -1  1    -1  2 -1  0                                                      
 0 -1  1  1     2 -1 -1  0                                                      
 -1  1  0  1    -1 -1  2  0                                                     
 -1  0  1  1    -1  2 -1  0                                                     
 0  1 -1  1     2 -1 -1  0                                                      
 1 -1  0  1     1  1 -2  0                                                      
PYRAMIDAL<c+a>                                                                  
  4   12   1   0                       modex,nsmx,iopsysx,itwtypex              
 1  0 -1  1    -1 -1  2  3                                                      
 1  0 -1  1    -2  1  1  3                                                      
 0 -1  1  1     1  1 -2  3                                                      
 0 -1  1  1    -1  2 -1  3                                                      
 -1  1  0  1     2 -1 -1  3                                                     
 -1  1  0  1     1 -2  1  3                                                     
 -1  0  1  1     2 -1 -1  3                                                     
 -1  0  1  1     1  1 -2  3                                                     
 0  1 -1  1    -1 -1  2  3                                                      
 0  1 -1  1     1 -2  1  3                                                      
 1 -1  0  1    -2  1  1  3                                                      
 1 -1  0  1    -1  2 -1  3                                                      
TENSILE TWIN {10-12}                                                            
  5    6   0   2                       modex,nsmx,iopsysx,itwtypex              
 0.167                                 twshx                                    
 1  0 -1  2    -1  0  1  1                                                      
 0  1 -1  2     0 -1  1  1                                                      
 -1  1  0  2     1 -1  0  1                                                     
 -1  0  1  2     1  0 -1  1                                                     
 0 -1  1  2     0  1 -1  1                                                      
 1 -1  0  2    -1  1  0  1                                                      
COMPRESSIVE TWIN {11-22}                                                        
  6    6   0   2                       modex,nsmx,iopsysx,itwtypex              
 0.225                                 twshx                                    
 2 -1 -1  2     2 -1 -1 -3                                                      
 1  1 -2  2     1  1 -2 -3                                                      
 -1  2 -1  2    -1  2 -1 -3                                                     
 -2  1  1  2    -2  1  1 -3                                                     
 -1 -1  2  2    -1 -1  2 -3                                                     
 1 -2  1  2     1 -2  1 -3                                                      
*Constitutive law                                                               
   0      Voce=0, MTS=1                                                         
   1      iratesens (0:rate insensitive, 1:rate sensitive)                      
   25     grsze --> grain size only matters if HPfactor is non-zero             
 PRISMATIC <a> SLIP -------------------------------------------                 
 20                               nrsx                                          
   19.  16. 1289. 82.   0.        tau0x,tau1x,thet0,thet1, hpfac                
 1.0    1.0   10.0    2.0         hlatex(1,im),im=1,nmodes                      
 PYRAMIDAL <c+a> SLIP -------------------------------------------               
 20                               nrsx                                          
   145. 192. 1684.  5.   0.       tau0x,tau1x,thet0,thet1, hpfac                
 1.0    1.0    2.0   2.0          hlatex(1,im),im=1,nmodes                      
 {10-12} TENSILE TWIN --------------------------------------                    
 20                               nrsx                                          
  102.  17.  100. 30.   0.        tau0x,tau1x,thet0,thet1, hpfac                
 1.0    1.0    10.0   16.0        hlatex(1,im),im=1,nmodes                      
  1    0.10  0.50                 isectw,thres1,thres2                          
 {11-22} COMPRESSIVE TWIN --------------------------------------                
 20                               nrsx                                          
  270.  30.  1000. 178.   0.      tau0x,tau1x,thet0,thet1, hpfac                
 1.0    1.0    10.0   5.0         hlatex(1,im),im=1,nmodes                      
  1    0.10  0.50                 isectw,thres1,thres2                          
                                                                               
**** END OF CRYSTAL DATA FILE ****


  N & B FOR MODE  1 IN PHASE  1
     0.866     0.500     0.000       -0.500     0.866     0.000
     0.000    -1.000     0.000        1.000     0.000     0.000
    -0.866     0.500     0.000       -0.500    -0.866     0.000
  N & B FOR MODE  2 IN PHASE  1
     0.761     0.439     0.477       -0.266    -0.460     0.847
     0.761     0.439     0.477       -0.531     0.000     0.847
     0.000    -0.879     0.477        0.266     0.460     0.847
     0.000    -0.879     0.477       -0.266     0.460     0.847
    -0.761     0.439     0.477        0.531     0.000     0.847
    -0.761     0.439     0.477        0.266    -0.460     0.847
    -0.761    -0.439     0.477        0.531     0.000     0.847
    -0.761    -0.439     0.477        0.266     0.460     0.847
     0.000     0.879     0.477       -0.266    -0.460     0.847
     0.000     0.879     0.477        0.266    -0.460     0.847
     0.761    -0.439     0.477       -0.531     0.000     0.847
     0.761    -0.439     0.477       -0.266     0.460     0.847
  N & B FOR MODE  3 IN PHASE  1
     0.586     0.339     0.736       -0.637    -0.368     0.677
     0.000     0.677     0.736        0.000    -0.736     0.677
    -0.586     0.339     0.736        0.637    -0.368     0.677
    -0.586    -0.339     0.736        0.637     0.368     0.677
     0.000    -0.677     0.736        0.000     0.736     0.677
     0.586    -0.339     0.736       -0.637     0.368     0.677
  N & B FOR MODE  4 IN PHASE  1
     0.847     0.000     0.531        0.531     0.000    -0.847
     0.424     0.734     0.531        0.266     0.460    -0.847
    -0.424     0.734     0.531       -0.266     0.460    -0.847
    -0.847     0.000     0.531       -0.531     0.000    -0.847
    -0.424    -0.734     0.531       -0.266    -0.460    -0.847
     0.424    -0.734     0.531        0.266    -0.460    -0.847

 **** CRYST TEXTURE (FIRST FEW LINES) ****
AXES OF THE REPRESENTATIVE ELLIPSOID                                            
   1.0   1.0   1.0                                                              
DISCRETE TEXTURE FROM ODF FILE  5678.sod                                        
B    1944                                                                       
      5.00      7.07      5.00     0.00028969                                   
      5.00      7.07     15.00     0.00029481                                   
      5.00      7.07     25.00     0.00029881                                   
      5.00      7.07     35.00     0.00030268                                   
      5.00      7.07     45.00     0.00029263                                   
      5.00      7.07     55.00     0.00028680                                   
    .........................
 **** END OF CRYST TEXTURE DATA FILE ****

IPH=  1  FIJPH     1.0000   0.0000   0.0000   0.0000   1.0000   0.0000   0.0000   0.0000   1.0000
         EIGNVAL   1.0000   1.0000   1.0000
         EIGNVEC   1.0000  -0.0000   0.0000   0.0000  -0.0000   1.0000   0.0000  -1.0000   0.0000

 UB ELASTIC STIFFNESS (VOIGT NOTATION)
  0.1419E+06  0.7123E+05  0.7033E+05 -0.3970E+02 -0.4075E+02  0.6534E+01
  0.7123E+05  0.1421E+06  0.7030E+05  0.1977E+02 -0.1135E+03 -0.2461E+02
  0.7033E+05  0.7030E+05  0.1508E+06  0.3858E+03  0.8229E+03  0.1084E+03
 -0.3970E+02  0.1977E+02  0.3858E+03  0.3647E+05  0.1318E+03  0.5950E+02
 -0.4075E+02 -0.1135E+03  0.8229E+03  0.1318E+03  0.3645E+05  0.5495E+02
  0.6534E+01 -0.2461E+02  0.1084E+03  0.5950E+02  0.5495E+02  0.3534E+05


  ELASTIC ESHELBY TENSOR (VOIGT NOTATION)
     0.53262     0.07001     0.06327    -0.00031    -0.00073    -0.00007
     0.06993     0.53284     0.06298    -0.00028    -0.00068    -0.00015
     0.06057     0.06036     0.54026     0.00074     0.00169     0.00025
    -0.00043    -0.00040     0.00062     0.23293     0.00035     0.00004
    -0.00095    -0.00090     0.00147     0.00035     0.23292     0.00008
    -0.00010    -0.00018     0.00023     0.00004     0.00008     0.23128

SC ELASTIC STIFFNESS (VOIGT NOTATION)
  0.1417E+06  0.7126E+05  0.7061E+05 -0.2799E+02 -0.6447E+02  0.2237E+01
  0.7126E+05  0.1419E+06  0.7058E+05  0.3228E+01 -0.8936E+02 -0.2607E+02
  0.7061E+05  0.7058E+05  0.1495E+06  0.3558E+03  0.7625E+03  0.1057E+03
 -0.2799E+02  0.3228E+01  0.3558E+03  0.3600E+05  0.1206E+03  0.3372E+02
 -0.6447E+02 -0.8936E+02  0.7625E+03  0.1206E+03  0.3600E+05  0.3932E+02
  0.2237E+01 -0.2607E+02  0.1057E+03  0.3372E+02  0.3932E+02  0.3522E+05

SC ELASTIC COMPLIANCE (VOIGT NOTATION)
  0.1052E-04 -0.3675E-05 -0.3234E-05  0.2010E-07  0.3904E-07  0.3097E-08
 -0.3675E-05  0.1050E-04 -0.3220E-05  0.1386E-07  0.4379E-07  0.8774E-08
 -0.3234E-05 -0.3220E-05  0.9737E-05 -0.4884E-07 -0.1098E-06 -0.1554E-07
  0.2010E-07  0.1386E-07 -0.4884E-07  0.6944E-05 -0.2270E-07 -0.6544E-08
  0.3904E-07  0.4379E-07 -0.1098E-06 -0.2270E-07  0.6946E-05 -0.7554E-08
  0.3097E-08  0.8774E-08 -0.1554E-07 -0.6544E-08 -0.7554E-08  0.7098E-05

 ******* STARTS A PCYS CALCULATION *******

 NON CENTRO-SYMMETRIC YIELD SURFACE

 NORM OF STRAIN-RATE PROBES IS HARDWIRED TO 1

WILL CALCULATE A   1   2   PCYS PROJECTION
 INDICES OF THE COMPONENTS DEFINING STRESS SPACE
    1 = (S22-S11)/SQRT(2)
    2 = (2*S33-S22-S11)/SQRT(6)
    3 = S23*SQRT(2)
    4 = S13*SQRT(2)
    5 = S12*SQRT(2)


*******   STEP   1      *** NEFF=10 CALCULATION                

 xmctg after gr rate for grain  301
  0.2543E-02 -0.1960E-02  0.7564E-03  0.2886E-02  0.1903E-02
 -0.1960E-02  0.8363E-02  0.3656E-02 -0.4695E-02 -0.5985E-02
  0.7564E-03  0.3656E-02  0.5301E-02 -0.2156E-02 -0.4149E-02
  0.2886E-02 -0.4695E-02 -0.2156E-02  0.7375E-02  0.3130E-02
  0.1903E-02 -0.5985E-02 -0.4149E-02  0.3130E-02  0.8532E-02

 xmctg after gr rate for grain  302
  0.1538E-02 -0.2418E-02 -0.9266E-03  0.2345E-02  0.2650E-02
 -0.2418E-02  0.8556E-02  0.3092E-02 -0.4716E-02 -0.6368E-02
 -0.9266E-03  0.3092E-02  0.2381E-02 -0.2752E-02 -0.3451E-02
  0.2345E-02 -0.4716E-02 -0.2752E-02  0.6964E-02  0.3282E-02
  0.2650E-02 -0.6368E-02 -0.3451E-02  0.3282E-02  0.9133E-02

 xmctg after gr rate for grain  303
  0.3444E-02 -0.2453E-02  0.1494E-02  0.3438E-02  0.2441E-02
 -0.2453E-02  0.8070E-02  0.2567E-02 -0.4152E-02 -0.6210E-02
  0.1494E-02  0.2567E-02  0.5197E-02 -0.7592E-03 -0.3437E-02
  0.3438E-02 -0.4152E-02 -0.7592E-03  0.7110E-02  0.2717E-02
  0.2441E-02 -0.6210E-02 -0.3437E-02  0.2717E-02  0.9384E-02

 xmctg after gr rate for grain  304
  0.3492E-02 -0.2111E-02  0.1980E-02  0.2846E-02  0.2500E-02
 -0.2111E-02  0.8068E-02  0.3024E-02 -0.3830E-02 -0.6332E-02
  0.1980E-02  0.3024E-02  0.6397E-02 -0.1197E-02 -0.3461E-02
  0.2846E-02 -0.3830E-02 -0.1197E-02  0.5906E-02  0.3038E-02
  0.2500E-02 -0.6332E-02 -0.3461E-02  0.3038E-02  0.9332E-02

 xmctg after gr rate for grain  305
  0.2066E-02 -0.2241E-02  0.2217E-03  0.1525E-02  0.3280E-02
 -0.2241E-02  0.8556E-02  0.3374E-02 -0.4518E-02 -0.6432E-02
  0.2217E-03  0.3374E-02  0.4659E-02 -0.3581E-02 -0.2672E-02
  0.1525E-02 -0.4518E-02 -0.3581E-02  0.4687E-02  0.4419E-02
  0.3280E-02 -0.6432E-02 -0.2672E-02  0.4419E-02  0.8605E-02

*******   STEP   2      *** NEFF=10 CALCULATION                

*******   STEP   3      *** NEFF=10 CALCULATION                

*******   STEP   4      *** NEFF=10 CALCULATION                

*******   STEP   5      *** NEFF=10 CALCULATION                

*******   STEP   6      *** NEFF=10 CALCULATION                

*******   STEP   7      *** NEFF=10 CALCULATION                

*******   STEP   8      *** NEFF=10 CALCULATION                

*******   STEP   9      *** NEFF=10 CALCULATION                

*******   STEP  10      *** NEFF=10 CALCULATION                

*******   STEP  11      *** NEFF=10 CALCULATION                

*******   STEP  12      *** NEFF=10 CALCULATION                

*******   STEP  13      *** NEFF=10 CALCULATION                

*******   STEP  14      *** NEFF=10 CALCULATION                

*******   STEP  15      *** NEFF=10 CALCULATION                

*******   STEP  16      *** NEFF=10 CALCULATION                

*******   STEP  17      *** NEFF=10 CALCULATION                

*******   STEP  18      *** NEFF=10 CALCULATION                

*******   STEP  19      *** NEFF=10 CALCULATION                

*******   STEP  20      *** NEFF=10 CALCULATION                

*******   STEP  21      *** NEFF=10 CALCULATION                

*******   STEP  22      *** NEFF=10 CALCULATION                

*******   STEP  23      *** NEFF=10 CALCULATION                

*******   STEP  24      *** NEFF=10 CALCULATION                

*******   STEP  25      *** NEFF=10 CALCULATION                

*******   STEP  26      *** NEFF=10 CALCULATION                

*******   STEP  27      *** NEFF=10 CALCULATION                

*******   STEP  28      *** NEFF=10 CALCULATION                

*******   STEP  29      *** NEFF=10 CALCULATION                

*******   STEP  30      *** NEFF=10 CALCULATION                

*******   STEP  31      *** NEFF=10 CALCULATION                

*******   STEP  32      *** NEFF=10 CALCULATION                

*******   STEP  33      *** NEFF=10 CALCULATION                

*******   STEP  34      *** NEFF=10 CALCULATION                

*******   STEP  35      *** NEFF=10 CALCULATION                

*******   STEP  36      *** NEFF=10 CALCULATION                

*** LOAD CONDITIONS FOR THIS RUN
   15   3   0.01    298        nsteps   ictrl   eqincr   temp                   
* boundary conditions                                                           
    0       1       1           iudot     |    flag for vel.grad.               
    1       0       1                     |    (0:unknown-1:known)              
    1       1       1                     |                                     
                                          |                                     
   0.0005   0.      0.          udot      |    vel.grad                         
    0.      0.0005   0.                   |                                     
    0.      0.      -0.001                |                                     
                                          |                                     
    1       0        0           iscau    |    flag for Cauchy                  
            1        0                    |                                     
                     0                    |                                     
                                          |                                     
    0.      0.       0.          scauchy  |    Cauchy stress                    
            0.       0.                   |                                     
                     0.                   @                                     
                                                                                

*******   STEP   1      *** NEFF=10 CALCULATION                

 xmctg after gr rate for grain  301
  0.4359E-05 -0.3359E-05  0.1297E-05  0.4946E-05  0.3261E-05
 -0.3359E-05  0.1433E-04  0.6260E-05 -0.8044E-05 -0.1025E-04
  0.1297E-05  0.6260E-05  0.9079E-05 -0.3690E-05 -0.7104E-05
  0.4946E-05 -0.8044E-05 -0.3690E-05  0.1263E-04  0.5363E-05
  0.3261E-05 -0.1025E-04 -0.7104E-05  0.5363E-05  0.1461E-04

 xmctg after gr rate for grain  302
  0.2633E-05 -0.4141E-05 -0.1587E-05  0.4017E-05  0.4539E-05
 -0.4141E-05  0.1465E-04  0.5295E-05 -0.8076E-05 -0.1091E-04
 -0.1587E-05  0.5295E-05  0.4078E-05 -0.4714E-05 -0.5910E-05
  0.4017E-05 -0.8076E-05 -0.4714E-05  0.1193E-04  0.5621E-05
  0.4539E-05 -0.1091E-04 -0.5910E-05  0.5621E-05  0.1564E-04

 xmctg after gr rate for grain  303
  0.5899E-05 -0.4203E-05  0.2557E-05  0.5890E-05  0.4183E-05
 -0.4203E-05  0.1382E-04  0.4393E-05 -0.7113E-05 -0.1063E-04
  0.2557E-05  0.4393E-05  0.8895E-05 -0.1300E-05 -0.5882E-05
  0.5890E-05 -0.7113E-05 -0.1300E-05  0.1218E-04  0.4655E-05
  0.4183E-05 -0.1063E-04 -0.5882E-05  0.4655E-05  0.1607E-04

 xmctg after gr rate for grain  304
  0.5981E-05 -0.3615E-05  0.3391E-05  0.4874E-05  0.4281E-05
 -0.3615E-05  0.1382E-04  0.5179E-05 -0.6560E-05 -0.1084E-04
  0.3391E-05  0.5179E-05  0.1096E-04 -0.2050E-05 -0.5927E-05
  0.4874E-05 -0.6560E-05 -0.2050E-05  0.1011E-04  0.5202E-05
  0.4281E-05 -0.1084E-04 -0.5927E-05  0.5202E-05  0.1598E-04

 xmctg after gr rate for grain  305
  0.3538E-05 -0.3838E-05  0.3796E-06  0.2611E-05  0.5617E-05
 -0.3838E-05  0.1465E-04  0.5778E-05 -0.7738E-05 -0.1102E-04
  0.3796E-06  0.5778E-05  0.7978E-05 -0.6133E-05 -0.4576E-05
  0.2611E-05 -0.7738E-05 -0.6133E-05  0.8026E-05  0.7568E-05
  0.5617E-05 -0.1102E-04 -0.4576E-05  0.7568E-05  0.1474E-04
IPH=  0  FIJPH     1.0057   0.0000   0.0000   0.0000   1.0043   0.0000   0.0000   0.0000   0.9900
         EIGNVAL   1.0043   1.0057   0.9900
         EIGNVEC   0.0000  -1.0000   0.0000   1.0000  -0.0000   0.0000   0.0000  -0.0000   1.0000
IPH=  1  FIJPH     1.0057   0.0000   0.0000   0.0000   1.0043   0.0000   0.0000   0.0000   0.9900
         EIGNVAL   1.0043   1.0057   0.9900
         EIGNVEC  -0.0002  -1.0000  -0.0000   1.0000  -0.0002  -0.0002   0.0002  -0.0000   1.0000

*******   STEP   2      *** NEFF=10 CALCULATION                
IPH=  0  FIJPH     1.0113   0.0000   0.0000   0.0000   1.0088   0.0000   0.0000   0.0000   0.9801
         EIGNVAL   1.0088   1.0113   0.9801
         EIGNVEC   0.0000  -1.0000   0.0000   1.0000  -0.0000   0.0000   0.0000  -0.0000   1.0000
IPH=  1  FIJPH     1.0113  -0.0000   0.0000  -0.0000   1.0088   0.0000   0.0000   0.0000   0.9801
         EIGNVAL   1.0088   1.0113   0.9801
         EIGNVEC   0.0001  -1.0000  -0.0000   1.0000   0.0001  -0.0001   0.0001  -0.0000   1.0000

*******   STEP   3      *** NEFF=10 CALCULATION                
IPH=  0  FIJPH     1.0168   0.0000   0.0000   0.0000   1.0133   0.0000   0.0000   0.0000   0.9703
         EIGNVAL   1.0133   1.0168   0.9703
         EIGNVEC   0.0000  -1.0000   0.0000   1.0000  -0.0000   0.0000   0.0000  -0.0000   1.0000
IPH=  1  FIJPH     1.0168   0.0000   0.0000   0.0000   1.0133   0.0000   0.0000   0.0000   0.9703
         EIGNVAL   1.0133   1.0168   0.9703
         EIGNVEC  -0.0010  -1.0000  -0.0000   1.0000  -0.0010  -0.0000   0.0000  -0.0000   1.0000

*******   STEP   4      *** NEFF=10 CALCULATION                
IPH=  0  FIJPH     1.0224   0.0000   0.0000   0.0000   1.0179   0.0000   0.0000   0.0000   0.9606
         EIGNVAL   1.0179   1.0224   0.9606
         EIGNVEC   0.0000  -1.0000   0.0000   1.0000  -0.0000   0.0000   0.0000  -0.0000   1.0000
IPH=  1  FIJPH     1.0224  -0.0000  -0.0000  -0.0000   1.0178  -0.0000  -0.0000  -0.0000   0.9607
         EIGNVAL   1.0178   1.0224   0.9607
         EIGNVEC   0.0022  -1.0000   0.0000   1.0000   0.0022   0.0000  -0.0000   0.0000   1.0000

*******   STEP   5      *** NEFF=10 CALCULATION                
IPH=  0  FIJPH     1.0281   0.0000   0.0000   0.0000   1.0225   0.0000   0.0000   0.0000   0.9510
         EIGNVAL   1.0225   1.0281   0.9510
         EIGNVEC   0.0000  -1.0000   0.0000   1.0000  -0.0000   0.0000   0.0000  -0.0000   1.0000
IPH=  1  FIJPH     1.0279  -0.0000   0.0000  -0.0000   1.0223   0.0000   0.0000   0.0000   0.9512
         EIGNVAL   1.0223   1.0279   0.9512
         EIGNVEC   0.0006  -1.0000  -0.0001   1.0000   0.0006  -0.0001   0.0001  -0.0001   1.0000

*******   STEP   6      *** NEFF=10 CALCULATION                
IPH=  0  FIJPH     1.0337   0.0000   0.0000   0.0000   1.0271   0.0000   0.0000   0.0000   0.9415
         EIGNVAL   1.0271   1.0337   0.9415
         EIGNVEC   0.0000  -1.0000   0.0000   1.0000  -0.0000   0.0000   0.0000  -0.0000   1.0000
IPH=  1  FIJPH     1.0335  -0.0000   0.0000  -0.0000   1.0268  -0.0000   0.0000  -0.0000   0.9419
         EIGNVAL   1.0268   1.0335   0.9419
         EIGNVEC   0.0013  -1.0000  -0.0001   1.0000   0.0013   0.0000  -0.0000  -0.0001   1.0000

*******   STEP   7      *** NEFF=10 CALCULATION                
IPH=  0  FIJPH     1.0393   0.0000   0.0000   0.0000   1.0317   0.0000   0.0000   0.0000   0.9321
         EIGNVAL   1.0317   1.0393   0.9321
         EIGNVEC   0.0000  -1.0000   0.0000   1.0000  -0.0000   0.0000   0.0000  -0.0000   1.0000
IPH=  1  FIJPH     1.0391  -0.0000   0.0000  -0.0000   1.0314  -0.0000   0.0000  -0.0000   0.9326
         EIGNVAL   1.0314   1.0391   0.9326
         EIGNVEC   0.0012  -1.0000  -0.0001   1.0000   0.0012   0.0002  -0.0002  -0.0001   1.0000

*******   STEP   8      *** NEFF=10 CALCULATION                
IPH=  0  FIJPH     1.0450   0.0000   0.0000   0.0000   1.0364   0.0000   0.0000   0.0000   0.9227
         EIGNVAL   1.0364   1.0450   0.9227
         EIGNVEC   0.0000  -1.0000   0.0000   1.0000  -0.0000   0.0000   0.0000  -0.0000   1.0000
IPH=  1  FIJPH     1.0447  -0.0000   0.0000  -0.0000   1.0360  -0.0000   0.0000  -0.0000   0.9234
         EIGNVAL   1.0360   1.0447   0.9234
         EIGNVEC   0.0011  -1.0000  -0.0001   1.0000   0.0011   0.0002  -0.0002  -0.0001   1.0000

*******   STEP   9      *** NEFF=10 CALCULATION                
IPH=  0  FIJPH     1.0506   0.0000   0.0000   0.0000   1.0412   0.0000   0.0000   0.0000   0.9135
         EIGNVAL   1.0412   1.0506   0.9135
         EIGNVEC   0.0000  -1.0000   0.0000   1.0000  -0.0000   0.0000   0.0000  -0.0000   1.0000
IPH=  1  FIJPH     1.0503  -0.0000   0.0000  -0.0000   1.0408  -0.0000   0.0000  -0.0000   0.9142
         EIGNVAL   1.0408   1.0503   0.9142
         EIGNVEC   0.0011  -1.0000  -0.0001   1.0000   0.0011   0.0002  -0.0002  -0.0001   1.0000

*******   STEP  10      *** NEFF=10 CALCULATION                
IPH=  0  FIJPH     1.0563   0.0000   0.0000   0.0000   1.0460   0.0000   0.0000   0.0000   0.9044
         EIGNVAL   1.0460   1.0563   0.9044
         EIGNVEC   0.0000  -1.0000   0.0000   1.0000  -0.0000   0.0000   0.0000  -0.0000   1.0000
IPH=  1  FIJPH     1.0559  -0.0000  -0.0000  -0.0000   1.0455  -0.0000  -0.0000  -0.0000   0.9051
         EIGNVAL   1.0455   1.0559   0.9051
         EIGNVEC   0.0009  -1.0000   0.0000   1.0000   0.0009   0.0002  -0.0002   0.0000   1.0000

*******   STEP  11      *** NEFF=10 CALCULATION                
IPH=  0  FIJPH     1.0620   0.0000   0.0000   0.0000   1.0509   0.0000   0.0000   0.0000   0.8953
         EIGNVAL   1.0509   1.0620   0.8953
         EIGNVEC   0.0000  -1.0000   0.0000   1.0000  -0.0000   0.0000   0.0000  -0.0000   1.0000
IPH=  1  FIJPH     1.0616  -0.0000  -0.0000  -0.0000   1.0504  -0.0000  -0.0000  -0.0000   0.8961
         EIGNVAL   1.0504   1.0616   0.8961
         EIGNVEC   0.0012  -1.0000   0.0000   1.0000   0.0012   0.0002  -0.0002   0.0000   1.0000

*******   STEP  12      *** NEFF=10 CALCULATION                
IPH=  0  FIJPH     1.0676   0.0000   0.0000   0.0000   1.0558   0.0000   0.0000   0.0000   0.8864
         EIGNVAL   1.0558   1.0676   0.8864
         EIGNVEC   0.0000  -1.0000   0.0000   1.0000  -0.0000   0.0000   0.0000  -0.0000   1.0000
IPH=  1  FIJPH     1.0672  -0.0000  -0.0000  -0.0000   1.0552  -0.0000  -0.0000  -0.0000   0.8872
         EIGNVAL   1.0552   1.0672   0.8872
         EIGNVEC   0.0010  -1.0000   0.0000   1.0000   0.0010   0.0002  -0.0002   0.0000   1.0000

*******   STEP  13      *** NEFF=10 CALCULATION                
IPH=  0  FIJPH     1.0733   0.0000   0.0000   0.0000   1.0607   0.0000   0.0000   0.0000   0.8775
         EIGNVAL   1.0607   1.0733   0.8775
         EIGNVEC   0.0000  -1.0000   0.0000   1.0000  -0.0000   0.0000   0.0000  -0.0000   1.0000
IPH=  1  FIJPH     1.0728  -0.0000   0.0000  -0.0000   1.0601  -0.0000  -0.0000  -0.0000   0.8784
         EIGNVAL   1.0601   1.0728   0.8784
         EIGNVEC   0.0016  -1.0000   0.0000   1.0000   0.0016   0.0002  -0.0002  -0.0000   1.0000

*******   STEP  14      *** NEFF=10 CALCULATION                
IPH=  0  FIJPH     1.0790   0.0000   0.0000   0.0000   1.0657   0.0000   0.0000   0.0000   0.8687
         EIGNVAL   1.0657   1.0790   0.8687
         EIGNVEC   0.0000  -1.0000   0.0000   1.0000  -0.0000   0.0000   0.0000  -0.0000   1.0000
IPH=  1  FIJPH     1.0785  -0.0000   0.0000  -0.0000   1.0651  -0.0000   0.0000  -0.0000   0.8696
         EIGNVAL   1.0651   1.0785   0.8696
         EIGNVEC   0.0018  -1.0000  -0.0000   1.0000   0.0018   0.0002  -0.0002  -0.0000   1.0000

*******   STEP  15      *** NEFF=10 CALCULATION                
IPH=  0  FIJPH     1.0846   0.0000   0.0000   0.0000   1.0708   0.0000   0.0000   0.0000   0.8601
         EIGNVAL   1.0708   1.0846   0.8601
         EIGNVEC   0.0000  -1.0000   0.0000   1.0000  -0.0000   0.0000   0.0000  -0.0000   1.0000
IPH=  1  FIJPH     1.0841  -0.0000   0.0000  -0.0000   1.0701  -0.0000   0.0000  -0.0000   0.8610
         EIGNVAL   1.0701   1.0841   0.8610
         EIGNVEC   0.0013  -1.0000  -0.0001   1.0000   0.0013   0.0001  -0.0001  -0.0001   1.0000

*******   STEP  16      *** NEFF=10 CALCULATION                

 ******* STARTS A PCYS CALCULATION *******

 NON CENTRO-SYMMETRIC YIELD SURFACE

 NORM OF STRAIN-RATE PROBES IS HARDWIRED TO 1

WILL CALCULATE A   1   2   PCYS PROJECTION
 INDICES OF THE COMPONENTS DEFINING STRESS SPACE
    1 = (S22-S11)/SQRT(2)
    2 = (2*S33-S22-S11)/SQRT(6)
    3 = S23*SQRT(2)
    4 = S13*SQRT(2)
    5 = S12*SQRT(2)


*******   STEP   1      *** NEFF=10 CALCULATION                

 xmctg after gr rate for grain  301
  0.6849E-03 -0.4833E-03  0.2245E-03  0.6631E-03  0.5271E-03
 -0.4833E-03  0.2212E-02  0.5539E-03 -0.1004E-02 -0.1161E-02
  0.2245E-03  0.5539E-03  0.1096E-02 -0.4241E-03 -0.7031E-03
  0.6631E-03 -0.1004E-02 -0.4241E-03  0.2218E-02  0.2661E-03
  0.5271E-03 -0.1161E-02 -0.7031E-03  0.2661E-03  0.2278E-02

 xmctg after gr rate for grain  302
  0.8622E-03 -0.4650E-03  0.4758E-03  0.7111E-03  0.5597E-03
 -0.4650E-03  0.2125E-02  0.5244E-03 -0.8731E-03 -0.1174E-02
  0.4758E-03  0.5244E-03  0.1471E-02 -0.2661E-03 -0.6575E-03
  0.7111E-03 -0.8731E-03 -0.2661E-03  0.2069E-02  0.2536E-03
  0.5597E-03 -0.1174E-02 -0.6575E-03  0.2536E-03  0.2355E-02

 xmctg after gr rate for grain  303
  0.8869E-03 -0.4367E-03  0.5359E-03  0.6885E-03  0.5644E-03
 -0.4367E-03  0.2080E-02  0.5268E-03 -0.8176E-03 -0.1154E-02
  0.5359E-03  0.5268E-03  0.1569E-02 -0.2606E-03 -0.6166E-03
  0.6885E-03 -0.8176E-03 -0.2606E-03  0.1972E-02  0.2593E-03
  0.5644E-03 -0.1154E-02 -0.6166E-03  0.2593E-03  0.2332E-02

 xmctg after gr rate for grain  304
  0.9098E-03 -0.4214E-03  0.5827E-03  0.6748E-03  0.5807E-03
 -0.4214E-03  0.2083E-02  0.5540E-03 -0.7963E-03 -0.1170E-02
  0.5827E-03  0.5540E-03  0.1668E-02 -0.2755E-03 -0.5954E-03
  0.6748E-03 -0.7963E-03 -0.2755E-03  0.1896E-02  0.2943E-03
  0.5807E-03 -0.1170E-02 -0.5954E-03  0.2943E-03  0.2338E-02

 xmctg after gr rate for grain  305
  0.9333E-03 -0.4142E-03  0.6243E-03  0.6604E-03  0.6119E-03
 -0.4142E-03  0.2128E-02  0.6089E-03 -0.8026E-03 -0.1217E-02
  0.6243E-03  0.6089E-03  0.1783E-02 -0.3190E-03 -0.5855E-03
  0.6604E-03 -0.8026E-03 -0.3190E-03  0.1819E-02  0.3640E-03
  0.6119E-03 -0.1217E-02 -0.5855E-03  0.3640E-03  0.2362E-02

*******   STEP   2      *** NEFF=10 CALCULATION                

*******   STEP   3      *** NEFF=10 CALCULATION                

*******   STEP   4      *** NEFF=10 CALCULATION                

*******   STEP   5      *** NEFF=10 CALCULATION                

*******   STEP   6      *** NEFF=10 CALCULATION                

*******   STEP   7      *** NEFF=10 CALCULATION                

*******   STEP   8      *** NEFF=10 CALCULATION                

*******   STEP   9      *** NEFF=10 CALCULATION                

*******   STEP  10      *** NEFF=10 CALCULATION                

*******   STEP  11      *** NEFF=10 CALCULATION                

*******   STEP  12      *** NEFF=10 CALCULATION                

*******   STEP  13      *** NEFF=10 CALCULATION                

*******   STEP  14      *** NEFF=10 CALCULATION                

*******   STEP  15      *** NEFF=10 CALCULATION                

*******   STEP  16      *** NEFF=10 CALCULATION                

*******   STEP  17      *** NEFF=10 CALCULATION                

*******   STEP  18      *** NEFF=10 CALCULATION                

*******   STEP  19      *** NEFF=10 CALCULATION                

*******   STEP  20      *** NEFF=10 CALCULATION                

*******   STEP  21      *** NEFF=10 CALCULATION                

*******   STEP  22      *** NEFF=10 CALCULATION                

*******   STEP  23      *** NEFF=10 CALCULATION                

*******   STEP  24      *** NEFF=10 CALCULATION                

*******   STEP  25      *** NEFF=10 CALCULATION                

*******   STEP  26      *** NEFF=10 CALCULATION                

*******   STEP  27      *** NEFF=10 CALCULATION                

*******   STEP  28      *** NEFF=10 CALCULATION                

*******   STEP  29      *** NEFF=10 CALCULATION                

*******   STEP  30      *** NEFF=10 CALCULATION                

*******   STEP  31      *** NEFF=10 CALCULATION                

*******   STEP  32      *** NEFF=10 CALCULATION                

*******   STEP  33      *** NEFF=10 CALCULATION                

*******   STEP  34      *** NEFF=10 CALCULATION                

*******   STEP  35      *** NEFF=10 CALCULATION                

*******   STEP  36      *** NEFF=10 CALCULATION                

*** LOAD CONDITIONS FOR THIS RUN
   15   3   0.01    298        nsteps   ictrl   eqincr   temp                   
* boundary conditions                                                           
    0       1       1           iudot     |    flag for vel.grad.               
    1       0       1                     |    (0:unknown-1:known)              
    1       1       1                     |                                     
                                          |                                     
   0.0005   0.      0.          udot      |    vel.grad                         
    0.      0.0005   0.                   |                                     
    0.      0.      -0.001                |                                     
                                          |                                     
    1       0        0           iscau    |    flag for Cauchy                  
            1        0                    |                                     
                     0                    |                                     
                                          |                                     
    0.      0.       0.          scauchy  |    Cauchy stress                    
            0.       0.                   |                                     
                     0.                   @                                     
                                                                                

*******   STEP   1      *** NEFF=10 CALCULATION                

 xmctg after gr rate for grain  301
  0.1173E-05 -0.8277E-06  0.3846E-06  0.1136E-05  0.9026E-06
 -0.8277E-06  0.3788E-05  0.9486E-06 -0.1719E-05 -0.1989E-05
  0.3846E-06  0.9486E-06  0.1876E-05 -0.7262E-06 -0.1204E-05
  0.1136E-05 -0.1719E-05 -0.7262E-06  0.3799E-05  0.4556E-06
  0.9026E-06 -0.1989E-05 -0.1204E-05  0.4556E-06  0.3902E-05

 xmctg after gr rate for grain  302
  0.1477E-05 -0.7963E-06  0.8149E-06  0.1218E-05  0.9585E-06
 -0.7963E-06  0.3639E-05  0.8980E-06 -0.1495E-05 -0.2011E-05
  0.8149E-06  0.8980E-06  0.2519E-05 -0.4558E-06 -0.1126E-05
  0.1218E-05 -0.1495E-05 -0.4558E-06  0.3543E-05  0.4344E-06
  0.9585E-06 -0.2011E-05 -0.1126E-05  0.4344E-06  0.4032E-05

 xmctg after gr rate for grain  303
  0.1519E-05 -0.7479E-06  0.9178E-06  0.1179E-05  0.9665E-06
 -0.7479E-06  0.3562E-05  0.9021E-06 -0.1400E-05 -0.1976E-05
  0.9178E-06  0.9021E-06  0.2687E-05 -0.4463E-06 -0.1056E-05
  0.1179E-05 -0.1400E-05 -0.4463E-06  0.3377E-05  0.4441E-06
  0.9665E-06 -0.1976E-05 -0.1056E-05  0.4441E-06  0.3993E-05

 xmctg after gr rate for grain  304
  0.1558E-05 -0.7216E-06  0.9980E-06  0.1156E-05  0.9944E-06
 -0.7216E-06  0.3567E-05  0.9487E-06 -0.1364E-05 -0.2004E-05
  0.9980E-06  0.9487E-06  0.2856E-05 -0.4718E-06 -0.1020E-05
  0.1156E-05 -0.1364E-05 -0.4718E-06  0.3247E-05  0.5039E-06
  0.9944E-06 -0.2004E-05 -0.1020E-05  0.5039E-06  0.4005E-05

 xmctg after gr rate for grain  305
  0.1598E-05 -0.7093E-06  0.1069E-05  0.1131E-05  0.1048E-05
 -0.7093E-06  0.3644E-05  0.1043E-05 -0.1375E-05 -0.2085E-05
  0.1069E-05  0.1043E-05  0.3053E-05 -0.5462E-06 -0.1003E-05
  0.1131E-05 -0.1375E-05 -0.5462E-06  0.3115E-05  0.6233E-06
  0.1048E-05 -0.2085E-05 -0.1003E-05  0.6233E-06  0.4045E-05
IPH=  0  FIJPH     1.0903   0.0000   0.0000   0.0000   1.0759   0.0000   0.0000   0.0000   0.8515
         EIGNVAL   1.0759   1.0903   0.8515
         EIGNVEC   0.0000  -1.0000   0.0000   1.0000  -0.0000   0.0000   0.0000  -0.0000   1.0000
IPH=  1  FIJPH     1.0898  -0.0000   0.0000  -0.0000   1.0752  -0.0000   0.0000  -0.0000   0.8524
         EIGNVAL   1.0752   1.0898   0.8524
         EIGNVEC   0.0013  -1.0000  -0.0001   1.0000   0.0013   0.0001  -0.0001  -0.0001   1.0000

*******   STEP   2      *** NEFF=10 CALCULATION                
IPH=  0  FIJPH     1.0960   0.0000   0.0000   0.0000   1.0811   0.0000   0.0000   0.0000   0.8429
         EIGNVAL   1.0811   1.0960   0.8429
