
 **** INPUT FILE VPSC.IN FOR THIS RUN ****
1                        number of elements (nelem)                             
2                        number of phases (nph)                                 
0.55628 0.44372          relative vol. fract. of phases (wph(i))                
*INFORMATION ABOUT PHASE #1                                                     
0 0 25                   grain shape contrl, fragmentn, crit aspect ratio       
1 1 1                    initial ellipsoid ratios (dummy if ishape=4            
0 0 0                    init Eul ang ellips axes (dummy if ishape=3,4)         
* name and path of texture file (filetext)                                      
betaTex.tex                                                                     
* name and path of single crystal file (filecrys)                               
beta.SX                                                                         
* name and path of grain shape file (dummy if ishape=0) (fileaxes)              
betaShape.morph                                                                 
*INFORMATION ABOUT PHASE #2                                                     
0 0 25                   grain shape contrl, fragmentn, crit aspect ratio       
1 1 1                    initial ellipsoid ratios (dummy if ishape=4            
0 0 0                    init Eul ang ellips axes (dummy if ishape=3,4)         
* name and path of texture file (filetext)                                      
alphaTex.tex                                                                    
* name and path of single crystal file (filecrys)                               
alpha.SX                                                                        
* name and path of grain shape file (dummy if ishape=0) (fileaxes)              
alphaShape.morph                                                                
*PRECISION SETTINGS FOR CONVERGENCE PROCEDURES                                  
0.001 0.001 0.001 0.001  errs,errd,errm,errso                                   
100 100 25               itmax:   max # of iter, external, internal and SO loops
0 2 10 2                 irsvar & jrsini,jrsfin,jrstep (dummy if irsvar=0)      
1                        ibcinv (0: don't use <Bc>**-1, 1: use <Bc>**-1 in SC eq
*INPUT/OUTPUT SETTINGS FOR THE RUN (default is zero)                            
0                        irecover:read grain states from POSTMORT.IN (1) or not 
0                        isave:   write grain states in POSTMORT.OUT at step 'is
0                        icubcomp:calculate fcc rolling components?             
0                        nwrite (frequency of texture downloads)                
*MODELING CONDITIONS FOR THE RUN                                                
3                        interaction (0:FC,1:affine,2:secant,3:neff=10,4:tangent
1 1 1                    iupdate: update orient, grain shape, hardening         
0                        nneigh (0 for no neighbors, 1 for pairs, etc.)         
0                        iflu (0: don't calc, 1: calc fluctuations)             
*NUMBER OF PROCESSES (Lij const; Lij variable; PCYS ;LANKFORD; rigid rotatn)    
1                                                                               
*IVGVAR AND PATH\NAME OF FILE FOR EACH PROCESS (dummy if ivgvar=2,3)            
0                                                                               
VelGrad.def                                                                     

IPH=  0  FIJPH     1.0000   0.0000   0.0000   0.0000   1.0000   0.0000   0.0000   0.0000   1.0000
         EIGNVAL   1.0000   1.0000   1.0000
         EIGNVEC   1.0000  -0.0000   0.0000   0.0000  -0.0000   1.0000   0.0000  -1.0000   0.0000

 **** CRYSTAL DATA FILE ****
*Material: Ti-6242                                                              
CUBIC                                crysym                                     
1	1	1.000000		90	90	90         cdim(i),cang(i)                                  
*Elastic stiffness of single crystal [MPa]                                      
135e3	113e3	113e3	0  		0  		0  		                                               
113e3	113e3	135e3	0  		0  		0  		                                               
113e3	113e3	135e3	0  		0  		0  		                                               
0  		0  		0  		54.9e3	0  		0  		                                                
0  		0  		0  		0  		54.9e3	0  		                                                
0  		0  		0  		0  		0  		54.9e3	                                                
*Thermal expansion coefficients of single crystal[K^(-1)]                       
0 0 0 0 0 0                                                                     
SLIP AND TWINNING MODES                                                         
3                                nmodesx                                        
3                                nmodes                                         
1 2 3                                 mode(i)                                   
   {110}<111> SLIP                                                              
1 12 1 0                       modex,nsmx,iopsysx,itwtypex                      
0 1 1   1 1 -1                                                                  
1 0 1   1 1 -1                                                                  
1 -1 0   1 1 -1                                                                 
0 1 -1   1 -1 -1                                                                
1 0 1   1 -1 -1                                                                 
1 1 0   1 -1 -1                                                                 
0 1 1   1 -1 1                                                                  
1 0 -1   1 -1 1                                                                 
1 1 0   1 -1 1                                                                  
0 1 -1   1 1 1                                                                  
1 0 -1   1 1 1                                                                  
1 -1 0   1 1 1                                                                  
   {112}<111> SLIP                                                              
2 12 1 0                       modex,nsmx,iopsysx,itwtypex                      
-2 1 -1   -1 -1 1                                                               
1 -2 -1   -1 -1 1                                                               
1 1 2   -1 -1 1                                                                 
-2 -1 -1   -1 1 1                                                               
1 2 -1   -1 1 1                                                                 
1 -1 2   -1 1 1                                                                 
2 1 -1   1 -1 1                                                                 
-1 -2 -1   1 -1 1                                                               
-1 1 2   1 -1 1                                                                 
2 -1 -1   1 1 1                                                                 
-1 2 -1   1 1 1                                                                 
-1 -1 2   1 1 1                                                                 
   {123}<111> SLIP                                                              
3 24 1 0                       modex,nsmx,iopsysx,itwtypex                      
1 2 3   1 1 -1                                                                  
-1 3 2   1 1 -1                                                                 
2 1 3   1 1 -1                                                                  
-2 3 1   1 1 -1                                                                 
3 -1 2   1 1 -1                                                                 
3 -2 1   1 1 -1                                                                 
-1 2 -3   1 -1 -1                                                               
1 3 -2   1 -1 -1                                                                
2 -1 3   1 -1 -1                                                                
2 3 -1   1 -1 -1                                                                
3 1 2   1 -1 -1                                                                 
3 2 1   1 -1 -1                                                                 
1 -2 -3   1 -1 1                                                                
1 3 2   1 -1 1                                                                  
2 -1 -3   1 -1 1                                                                
2 3 1   1 -1 1                                                                  
3 1 -2   1 -1 1                                                                 
3 2 -1   1 -1 1                                                                 
1 2 -3   1 1 1                                                                  
1 -3 2   1 1 1                                                                  
2 1 -3   1 1 1                                                                  
2 -3 1   1 1 1                                                                  
-3 1 2   1 1 1                                                                  
-3 2 1   1 1 1                                                                  
CONSTITUTIVE LAW                                                                
0           Voce = 0, MTS=1                                                     
1           iratesens (0:rate insensitive, 1:rate sensitive)                    
50           grsze --> grain size only matters if HPfactor is nonzero           
   {110}<111> SLIP----------------------------------------------------          
20                                             nrsx                             
30.0000 0.00000 0.00000 0.00000 0.00000            tau0x,tau1x,thet0,thet1, hpfa
0.00000 0.00000 0.00000        hlatex(1,im),im=1,nmodes                         
   {112}<111> SLIP----------------------------------------------------          
20                                             nrsx                             
30.0000 0.00000 0.00000 0.00000 0.00000            tau0x,tau1x,thet0,thet1, hpfa
0.00000 0.00000 0.00000        hlatex(1,im),im=1,nmodes                         
   {123}<111> SLIP----------------------------------------------------          
20                                             nrsx                             
30.0000 0.00000 0.00000 0.00000 0.00000            tau0x,tau1x,thet0,thet1, hpfa
0.00000 0.00000 0.00000        hlatex(1,im),im=1,nmodes                         
**** END OF CRYSTAL DATA FILE ****


  N & B FOR MODE  1 IN PHASE  1
     0.000     0.707     0.707        0.577     0.577    -0.577
     0.707     0.000     0.707        0.577     0.577    -0.577
     0.707    -0.707     0.000        0.577     0.577    -0.577
     0.000     0.707    -0.707        0.577    -0.577    -0.577
     0.707     0.000     0.707        0.577    -0.577    -0.577
     0.707     0.707     0.000        0.577    -0.577    -0.577
     0.000     0.707     0.707        0.577    -0.577     0.577
     0.707     0.000    -0.707        0.577    -0.577     0.577
     0.707     0.707     0.000        0.577    -0.577     0.577
     0.000     0.707    -0.707        0.577     0.577     0.577
     0.707     0.000    -0.707        0.577     0.577     0.577
     0.707    -0.707     0.000        0.577     0.577     0.577
  N & B FOR MODE  2 IN PHASE  1
    -0.816     0.408    -0.408       -0.577    -0.577     0.577
     0.408    -0.816    -0.408       -0.577    -0.577     0.577
     0.408     0.408     0.816       -0.577    -0.577     0.577
    -0.816    -0.408    -0.408       -0.577     0.577     0.577
     0.408     0.816    -0.408       -0.577     0.577     0.577
     0.408    -0.408     0.816       -0.577     0.577     0.577
     0.816     0.408    -0.408        0.577    -0.577     0.577
    -0.408    -0.816    -0.408        0.577    -0.577     0.577
    -0.408     0.408     0.816        0.577    -0.577     0.577
     0.816    -0.408    -0.408        0.577     0.577     0.577
    -0.408     0.816    -0.408        0.577     0.577     0.577
    -0.408    -0.408     0.816        0.577     0.577     0.577
  N & B FOR MODE  3 IN PHASE  1
     0.267     0.535     0.802        0.577     0.577    -0.577
    -0.267     0.802     0.535        0.577     0.577    -0.577
     0.535     0.267     0.802        0.577     0.577    -0.577
    -0.535     0.802     0.267        0.577     0.577    -0.577
     0.802    -0.267     0.535        0.577     0.577    -0.577
     0.802    -0.535     0.267        0.577     0.577    -0.577
    -0.267     0.535    -0.802        0.577    -0.577    -0.577
     0.267     0.802    -0.535        0.577    -0.577    -0.577
     0.535    -0.267     0.802        0.577    -0.577    -0.577
     0.535     0.802    -0.267        0.577    -0.577    -0.577
     0.802     0.267     0.535        0.577    -0.577    -0.577
     0.802     0.535     0.267        0.577    -0.577    -0.577
     0.267    -0.535    -0.802        0.577    -0.577     0.577
     0.267     0.802     0.535        0.577    -0.577     0.577
     0.535    -0.267    -0.802        0.577    -0.577     0.577
     0.535     0.802     0.267        0.577    -0.577     0.577
     0.802     0.267    -0.535        0.577    -0.577     0.577
     0.802     0.535    -0.267        0.577    -0.577     0.577
     0.267     0.535    -0.802        0.577     0.577     0.577
     0.267    -0.802     0.535        0.577     0.577     0.577
     0.535     0.267    -0.802        0.577     0.577     0.577
     0.535    -0.802     0.267        0.577     0.577     0.577
    -0.802     0.267     0.535        0.577     0.577     0.577
    -0.802     0.535     0.267        0.577     0.577     0.577

 **** CRYST TEXTURE (FIRST FEW LINES) ****
                                                                                
                                                                                
                                                                                
B 1000                                                                          
 357.27    0.29    0.00   0.0005563                                             
 357.27    0.29    0.00   0.0005563                                             
 357.27    0.29    0.00   0.0005563                                             
 357.27    0.29    0.00   0.0005563                                             
 357.27    0.29    0.00   0.0005563                                             
 357.27    0.29    0.00   0.0005563                                             
    .........................
 **** END OF CRYST TEXTURE DATA FILE ****

IPH=  1  FIJPH     1.0000   0.0000   0.0000   0.0000   1.0000   0.0000   0.0000   0.0000   1.0000
         EIGNVAL   1.0000   1.0000   1.0000
         EIGNVEC   1.0000  -0.0000   0.0000   0.0000  -0.0000   1.0000   0.0000  -1.0000   0.0000

 **** CRYSTAL DATA FILE ****
*Material: Ti-6242                                                              
HEXAGONAL                                crysym                                 
1	1	1.594000		90	90	120         cdim(i),cang(i)                                 
*Elastic stiffness of single crystal [MPa]                                      
141e3	76.9e3	57.9e3	0  		0  		0  		                                             
76.9e3	141e3	57.9e3	0  		0  		0  		                                             
57.9e3	57.9e3	163e3	0  		0  		0  		                                             
0  		0  		0  		48.7e3	0  		0  		                                                
0  		0  		0  		0  		48.7e3	0  		                                                
0  		0  		0  		0  		0  		32.05e3	                                               
*Thermal expansion coefficients of single crystal[K^(-1)]                       
5.7e-6 5.7e-6 10.3e-6 0 0 0                                                     
SLIP AND TWINNING MODES                                                         
4                                nmodesx                                        
4                                nmodes                                         
1 2 3 4                                 mode(i)                                 
PRISMATIC                                                                       
1 3 1 0                       modex,nsmx,iopsysx,itwtypex                       
1 0 -1 0   -1 2 -1 0                                                            
0 -1 1 0   2 -1 -1 0                                                            
-1 1 0 0   -1 -1 2 0                                                            
BASAL                                                                           
2 3 1 0                       modex,nsmx,iopsysx,itwtypex                       
0 0 0 1   2 -1 -1 0                                                             
0 0 0 1   -1 2 -1 0                                                             
0 0 0 1   -1 -1 2 0                                                             
PYRAMIDAL<c+a>                                                                  
3 12 1 0                       modex,nsmx,iopsysx,itwtypex                      
1 0 -1 1   2 -1 -1 -3                                                           
1 0 -1 1   1 1 -2 -3                                                            
0 1 -1 1   1 1 -2 -3                                                            
0 1 -1 1   -1 2 -1 -3                                                           
-1 1 0 1   -1 2 -1 -3                                                           
-1 1 0 1   -2 1 1 -3                                                            
-1 0 1 1   -2 1 1 -3                                                            
-1 0 1 1   -1 -1 2 -3                                                           
0 -1 1 1   -1 -1 2 -3                                                           
0 -1 1 1   1 -2 1 -3                                                            
1 -1 0 1   0 -1 2 -3                                                            
1 -1 0 1   2 -1 -1 -3                                                           
PYRAMIDAL<a>                                                                    
4 6 1 0                       modex,nsmx,iopsysx,itwtypex                       
1 0 -1 1   -1 2 -1 0                                                            
0 -1 1 1   2 -1 -1 0                                                            
-1 1 0 1   -1 -1 2 0                                                            
-1 0 1 1   -1 2 -1 0                                                            
0 1 -1 1   2 -1 -1 0                                                            
1 -1 0 1   1 1 -2 0                                                             
CONSTITUTIVE LAW                                                                
0           Voce = 0, MTS=1                                                     
1           iratesens (0:rate insensitive, 1:rate sensitive)                    
50           grsze --> grain size only matters if HPfactor is nonzero           
PRISMATIC----------------------------------------------------                   
20                                             nrsx                             
100.000 0.00000 0.00000 0.00000 0.00000            tau0x,tau1x,thet0,thet1, hpfa
0.00000 0.00000 0.00000 0.00000        hlatex(1,im),im=1,nmodes                 
BASAL----------------------------------------------------                       
20                                             nrsx                             
110.000 0.00000 0.00000 0.00000 0.00000            tau0x,tau1x,thet0,thet1, hpfa
0.00000 0.00000 0.00000 0.00000        hlatex(1,im),im=1,nmodes                 
PYRAMIDAL<c+a>----------------------------------------------------              
20                                             nrsx                             
300.000 0.00000 0.00000 0.00000 0.00000            tau0x,tau1x,thet0,thet1, hpfa
0.00000 0.00000 0.00000 0.00000        hlatex(1,im),im=1,nmodes                 
PYRAMIDAL<a>----------------------------------------------------                
20                                             nrsx                             
95.0000 0.00000 0.00000 0.00000 0.00000            tau0x,tau1x,thet0,thet1, hpfa
0.00000 0.00000 0.00000 0.00000        hlatex(1,im),im=1,nmodes                 
**** END OF CRYSTAL DATA FILE ****


  N & B FOR MODE  1 IN PHASE  2
     0.866     0.500     0.000       -0.500     0.866     0.000
     0.000    -1.000     0.000        1.000     0.000     0.000
    -0.866     0.500     0.000       -0.500    -0.866     0.000
  N & B FOR MODE  2 IN PHASE  2
     0.000     0.000     1.000        1.000     0.000     0.000
     0.000     0.000     1.000       -0.500     0.866     0.000
     0.000     0.000     1.000       -0.500    -0.866     0.000
  N & B FOR MODE  3 IN PHASE  2
     0.761     0.439     0.477        0.531     0.000    -0.847
     0.761     0.439     0.477        0.266     0.460    -0.847
     0.000     0.879     0.477        0.266     0.460    -0.847
     0.000     0.879     0.477       -0.266     0.460    -0.847
    -0.761     0.439     0.477       -0.266     0.460    -0.847
    -0.761     0.439     0.477       -0.531     0.000    -0.847
    -0.761    -0.439     0.477       -0.531     0.000    -0.847
    -0.761    -0.439     0.477       -0.266    -0.460    -0.847
     0.000    -0.879     0.477       -0.266    -0.460    -0.847
     0.000    -0.879     0.477        0.266    -0.460    -0.847
     0.761    -0.439     0.477       -0.091    -0.475    -0.875
     0.761    -0.439     0.477        0.531     0.000    -0.847
  N & B FOR MODE  4 IN PHASE  2
     0.761     0.439     0.477       -0.500     0.866     0.000
     0.000    -0.879     0.477        1.000     0.000     0.000
    -0.761     0.439     0.477       -0.500    -0.866     0.000
    -0.761    -0.439     0.477       -0.500     0.866     0.000
     0.000     0.879     0.477        1.000     0.000     0.000
     0.761    -0.439     0.477        0.500     0.866     0.000

 **** CRYST TEXTURE (FIRST FEW LINES) ****
                                                                                
                                                                                
                                                                                
B 1000                                                                          
 137.80   90.98  327.20   0.0004437                                             
 137.80   90.98  327.20   0.0004437                                             
 137.80   90.98  327.20   0.0004437                                             
 137.80   90.98  327.20   0.0004437                                             
 137.80   90.98  327.20   0.0004437                                             
 137.80   90.98  327.20   0.0004437                                             
    .........................
 **** END OF CRYST TEXTURE DATA FILE ****

IPH=  2  FIJPH     1.0000   0.0000   0.0000   0.0000   1.0000   0.0000   0.0000   0.0000   1.0000
         EIGNVAL   1.0000   1.0000   1.0000
         EIGNVEC   1.0000  -0.0000   0.0000   0.0000  -0.0000   1.0000   0.0000  -1.0000   0.0000

 UB ELASTIC STIFFNESS (VOIGT NOTATION)
  0.1430E+06  0.8758E+05  0.9320E+05  0.1227E+03 -0.5775E+02  0.4811E+04
  0.8758E+05  0.1318E+06  0.1046E+06 -0.4298E+03  0.9767E+02 -0.5366E+03
  0.9318E+05  0.9235E+05  0.1377E+06  0.1665E+03 -0.6110E+02 -0.4195E+04
  0.1228E+03 -0.3681E+03  0.2284E+03  0.4881E+05  0.3675E+04 -0.8110E+02
 -0.5775E+02  0.1006E+03 -0.5815E+02  0.3675E+04  0.4810E+05 -0.7756E+02
  0.4811E+04 -0.5366E+03 -0.3612E+04 -0.8404E+02 -0.7770E+02  0.5117E+05


  ELASTIC ESHELBY TENSOR (VOIGT NOTATION)
     0.46815     0.10112     0.08414     0.00064    -0.00004     0.01276
     0.13585     0.43125     0.20348    -0.00172     0.00027    -0.01055
     0.11025     0.19309     0.44745     0.00127    -0.00007    -0.00932
     0.00087    -0.00144     0.00156     0.27204     0.00997    -0.00025
     0.00004     0.00039     0.00002     0.01031     0.27366    -0.00021
     0.00962    -0.01402    -0.01334    -0.00026    -0.00021     0.28088

SC ELASTIC STIFFNESS (VOIGT NOTATION)
  0.1357E+06  0.9238E+05  0.9128E+05  0.1219E+03 -0.4150E+02  0.5077E+04
  0.9238E+05  0.1209E+06  0.1036E+06 -0.4548E+03  0.3069E+02 -0.2376E+04
  0.9128E+05  0.1036E+06  0.1285E+06  0.2717E+03 -0.2016E+02 -0.2432E+04
  0.1219E+03 -0.4548E+03  0.2717E+03  0.4804E+05  0.4412E+04 -0.1116E+03
 -0.4150E+02  0.3069E+02 -0.2016E+02  0.4412E+04  0.4717E+05 -0.9944E+02
  0.5077E+04 -0.2376E+04 -0.2432E+04 -0.1116E+03 -0.9944E+02  0.5051E+05

SC ELASTIC COMPLIANCE (VOIGT NOTATION)
  0.1655E-04 -0.8349E-05 -0.5072E-05 -0.4987E-07  0.1115E-07 -0.1150E-05
 -0.8349E-05  0.3091E-04 -0.1895E-04  0.2154E-06 -0.3647E-07  0.6908E-06
 -0.5072E-05 -0.1895E-04  0.2667E-04 -0.1600E-06  0.2554E-07  0.4508E-06
 -0.4987E-07  0.2154E-06 -0.1600E-06  0.5251E-05 -0.4912E-06  0.1435E-07
  0.1115E-07 -0.3647E-07  0.2554E-07 -0.4912E-06  0.5346E-05  0.8635E-08
 -0.1150E-05  0.6908E-06  0.4508E-06  0.1435E-07  0.8635E-08  0.5034E-05

*** LOAD CONDITIONS FOR THIS RUN
50	3	0.01	298			nsteps	ictrl	eqincr	temp                                        
* boundary conditions                                                           
1	1	1		iudot	|	flag for vel.grad.                                               
1	1	1				|	(0:unknown-1:known)                                                  
1	1	1				|                                                                      
						|                                                                         
1	0	0		udot	|	vel.grad                                                          
0	0	0				|                                                                      
0	0	-1				|                                                                     
						|                                                                         
0	0	0		iscau	|	flag for Cauchy                                                  
	0	0				|                                                                       
		0				|                                                                        
						|                                                                         
0	0	0		scauchy	|	Cauchy stress                                                  
	0	0				|                                                                       
		0				|                                                                        

*******   STEP   1      *** NEFF=10 CALCULATION                

 xmctg after gr rate for grain  301
  0.8581E-02  0.1163E-01 -0.1817E-04 -0.4357E-05 -0.4441E-03
  0.1163E-01  0.2197E-01  0.4476E-04  0.2308E-05 -0.6331E-04
 -0.1817E-04  0.4476E-04  0.7275E-02  0.3188E-03 -0.1459E-05
 -0.4357E-05  0.2308E-05  0.3188E-03  0.6271E-03  0.3333E-04
 -0.4441E-03 -0.6331E-04 -0.1459E-05  0.3333E-04  0.7225E-02

 xmctg after gr rate for grain  302
  0.8581E-02  0.1163E-01 -0.1817E-04 -0.4357E-05 -0.4441E-03
  0.1163E-01  0.2197E-01  0.4476E-04  0.2308E-05 -0.6331E-04
 -0.1817E-04  0.4476E-04  0.7275E-02  0.3188E-03 -0.1459E-05
 -0.4357E-05  0.2308E-05  0.3188E-03  0.6271E-03  0.3333E-04
 -0.4441E-03 -0.6331E-04 -0.1459E-05  0.3333E-04  0.7225E-02

 xmctg after gr rate for grain  303
  0.8581E-02  0.1163E-01 -0.1817E-04 -0.4357E-05 -0.4441E-03
  0.1163E-01  0.2197E-01  0.4476E-04  0.2308E-05 -0.6331E-04
 -0.1817E-04  0.4476E-04  0.7275E-02  0.3188E-03 -0.1459E-05
 -0.4357E-05  0.2308E-05  0.3188E-03  0.6271E-03  0.3333E-04
 -0.4441E-03 -0.6331E-04 -0.1459E-05  0.3333E-04  0.7225E-02

 xmctg after gr rate for grain  304
  0.8581E-02  0.1163E-01 -0.1817E-04 -0.4357E-05 -0.4441E-03
  0.1163E-01  0.2197E-01  0.4476E-04  0.2308E-05 -0.6331E-04
 -0.1817E-04  0.4476E-04  0.7275E-02  0.3188E-03 -0.1459E-05
 -0.4357E-05  0.2308E-05  0.3188E-03  0.6271E-03  0.3333E-04
 -0.4441E-03 -0.6331E-04 -0.1459E-05  0.3333E-04  0.7225E-02

 xmctg after gr rate for grain  305
  0.8581E-02  0.1163E-01 -0.1817E-04 -0.4357E-05 -0.4441E-03
  0.1163E-01  0.2197E-01  0.4476E-04  0.2308E-05 -0.6331E-04
 -0.1817E-04  0.4476E-04  0.7275E-02  0.3188E-03 -0.1459E-05
 -0.4357E-05  0.2308E-05  0.3188E-03  0.6271E-03  0.3333E-04
 -0.4441E-03 -0.6331E-04 -0.1459E-05  0.3333E-04  0.7225E-02
IPH=  0  FIJPH     1.0100   0.0000   0.0000   0.0000   1.0000   0.0000   0.0000   0.0000   0.9900
         EIGNVAL   1.0000   1.0100   0.9900
         EIGNVEC   0.0000  -1.0000   0.0000   1.0000  -0.0000   0.0000   0.0000  -0.0000   1.0000
IPH=  1  FIJPH     1.0173   0.0003   0.0000   0.0003   1.0000  -0.0002   0.0000  -0.0001   0.9827
         EIGNVAL   1.0000   1.0173   0.9827
         EIGNVEC  -0.0169  -0.9999  -0.0008   0.9998  -0.0169   0.0093  -0.0094  -0.0006   1.0000
IPH=  2  FIJPH     1.0009  -0.0003  -0.0000  -0.0004   1.0000   0.0002  -0.0000   0.0002   0.9992
         EIGNVAL   0.9999   1.0010   0.9991
         EIGNVEC   0.3397  -0.9398  -0.0356   0.9073   0.3375  -0.2510   0.2479   0.0530   0.9673

*******   STEP   2      *** NEFF=10 CALCULATION                
IPH=  0  FIJPH     1.0201   0.0000   0.0000   0.0000   1.0000   0.0000   0.0000   0.0000   0.9801
         EIGNVAL   1.0000   1.0201   0.9801
         EIGNVEC   0.0000  -1.0000   0.0000   1.0000  -0.0000   0.0000   0.0000  -0.0000   1.0000
IPH=  1  FIJPH     1.0349   0.0005   0.0000   0.0006   1.0001  -0.0003   0.0000  -0.0003   0.9657
         EIGNVAL   1.0001   1.0349   0.9657
         EIGNVEC  -0.0169  -0.9999  -0.0008   0.9998  -0.0169   0.0093  -0.0093  -0.0006   1.0000
IPH=  2  FIJPH     1.0017  -0.0007  -0.0001  -0.0008   0.9999   0.0004  -0.0001   0.0004   0.9984
         EIGNVAL   0.9997   1.0020   0.9982
         EIGNVEC   0.3392  -0.9400  -0.0354   0.9078   0.3370  -0.2498   0.2468   0.0526   0.9676

*******   STEP   3      *** NEFF=10 CALCULATION                
IPH=  0  FIJPH     1.0303   0.0000   0.0000   0.0000   1.0000   0.0000   0.0000   0.0000   0.9703
         EIGNVAL   1.0000   1.0303   0.9703
         EIGNVEC   0.0000  -1.0000   0.0000   1.0000  -0.0000   0.0000   0.0000  -0.0000   1.0000
IPH=  1  FIJPH     1.0527   0.0008   0.0001   0.0010   1.0001  -0.0005   0.0001  -0.0004   0.9489
         EIGNVAL   1.0001   1.0528   0.9489
         EIGNVEC  -0.0170  -0.9999  -0.0008   0.9998  -0.0170   0.0092  -0.0092  -0.0006   1.0000
IPH=  2  FIJPH     1.0026  -0.0010  -0.0001  -0.0012   0.9999   0.0007  -0.0001   0.0005   0.9975
         EIGNVAL   0.9996   1.0030   0.9974
         EIGNVEC   0.3387  -0.9402  -0.0352   0.9083   0.3365  -0.2485   0.2455   0.0521   0.9680

*******   STEP   4      *** NEFF=10 CALCULATION                
IPH=  0  FIJPH     1.0406   0.0000   0.0000   0.0000   1.0000   0.0000   0.0000   0.0000   0.9606
         EIGNVAL   1.0000   1.0406   0.9606
         EIGNVEC   0.0000  -1.0000   0.0000   1.0000  -0.0000   0.0000   0.0000  -0.0000   1.0000
IPH=  1  FIJPH     1.0709   0.0011   0.0001   0.0013   1.0001  -0.0007   0.0001  -0.0006   0.9325
         EIGNVAL   1.0001   1.0709   0.9325
         EIGNVEC  -0.0171  -0.9999  -0.0008   0.9998  -0.0171   0.0092  -0.0092  -0.0006   1.0000
IPH=  2  FIJPH     1.0035  -0.0014  -0.0001  -0.0016   0.9998   0.0009  -0.0001   0.0007   0.9967
         EIGNVAL   0.9995   1.0041   0.9965
         EIGNVEC   0.3381  -0.9404  -0.0350   0.9089   0.3360  -0.2470   0.2440   0.0517   0.9684

*******   STEP   5      *** NEFF=10 CALCULATION                
IPH=  0  FIJPH     1.0510   0.0000   0.0000   0.0000   1.0000   0.0000   0.0000   0.0000   0.9510
         EIGNVAL   1.0000   1.0510   0.9510
         EIGNVEC   0.0000  -1.0000   0.0000   1.0000  -0.0000   0.0000   0.0000  -0.0000   1.0000
IPH=  1  FIJPH     1.0894   0.0014   0.0001   0.0017   1.0002  -0.0008   0.0001  -0.0007   0.9164
         EIGNVAL   1.0002   1.0894   0.9164
         EIGNVEC  -0.0172  -0.9999  -0.0008   0.9998  -0.0172   0.0092  -0.0092  -0.0006   1.0000
IPH=  2  FIJPH     1.0044  -0.0017  -0.0002  -0.0020   0.9998   0.0011  -0.0001   0.0009   0.9958
         EIGNVAL   0.9993   1.0051   0.9956
         EIGNVEC   0.3376  -0.9407  -0.0348   0.9095   0.3355  -0.2454   0.2425   0.0512   0.9688

*******   STEP   6      *** NEFF=10 CALCULATION                
IPH=  0  FIJPH     1.0615   0.0000   0.0000   0.0000   1.0000   0.0000   0.0000   0.0000   0.9415
         EIGNVAL   1.0000   1.0615   0.9415
         EIGNVEC   0.0000  -1.0000   0.0000   1.0000  -0.0000   0.0000   0.0000  -0.0000   1.0000
IPH=  1  FIJPH     1.1082   0.0017   0.0002   0.0020   1.0002  -0.0010   0.0001  -0.0008   0.9006
         EIGNVAL   1.0002   1.1082   0.9006
         EIGNVEC  -0.0173  -0.9999  -0.0008   0.9998  -0.0173   0.0091  -0.0091  -0.0006   1.0000
IPH=  2  FIJPH     1.0054  -0.0021  -0.0002  -0.0024   0.9997   0.0013  -0.0002   0.0011   0.9950
         EIGNVAL   0.9992   1.0062   0.9947
         EIGNVEC   0.3370  -0.9409  -0.0346   0.9102   0.3349  -0.2437   0.2409   0.0506   0.9692

*******   STEP   7      *** NEFF=10 CALCULATION                
IPH=  0  FIJPH     1.0721   0.0000   0.0000   0.0000   1.0000   0.0000   0.0000   0.0000   0.9321
         EIGNVAL   1.0000   1.0721   0.9321
         EIGNVEC   0.0000  -1.0000   0.0000   1.0000  -0.0000   0.0000   0.0000  -0.0000   1.0000
IPH=  1  FIJPH     1.1273   0.0020   0.0002   0.0024   1.0003  -0.0012   0.0002  -0.0010   0.8850
         EIGNVAL   1.0002   1.1273   0.8850
         EIGNVEC  -0.0174  -0.9998  -0.0008   0.9998  -0.0175   0.0091  -0.0091  -0.0006   1.0000
IPH=  2  FIJPH     1.0063  -0.0025  -0.0002  -0.0028   0.9997   0.0015  -0.0002   0.0012   0.9941
         EIGNVAL   0.9990   1.0073   0.9937
         EIGNVEC   0.3364  -0.9411  -0.0344   0.9108   0.3344  -0.2420   0.2393   0.0501   0.9697

*******   STEP   8      *** NEFF=10 CALCULATION                
IPH=  0  FIJPH     1.0829   0.0000   0.0000   0.0000   1.0000   0.0000   0.0000   0.0000   0.9227
         EIGNVAL   1.0000   1.0829   0.9227
         EIGNVEC   0.0000  -1.0000   0.0000   1.0000  -0.0000   0.0000   0.0000  -0.0000   1.0000
IPH=  1  FIJPH     1.1467   0.0024   0.0002   0.0028   1.0003  -0.0013   0.0002  -0.0011   0.8697
         EIGNVAL   1.0003   1.1467   0.8697
         EIGNVEC  -0.0176  -0.9998  -0.0008   0.9998  -0.0176   0.0091  -0.0091  -0.0006   1.0000
IPH=  2  FIJPH     1.0073  -0.0028  -0.0003  -0.0032   0.9996   0.0017  -0.0002   0.0014   0.9932
         EIGNVAL   0.9989   1.0084   0.9928
         EIGNVEC   0.3358  -0.9413  -0.0342   0.9115   0.3338  -0.2402   0.2375   0.0495   0.9701

*******   STEP   9      *** NEFF=10 CALCULATION                
IPH=  0  FIJPH     1.0937   0.0000   0.0000   0.0000   1.0000   0.0000   0.0000   0.0000   0.9135
         EIGNVAL   1.0000   1.0937   0.9135
         EIGNVEC   0.0000  -1.0000   0.0000   1.0000  -0.0000   0.0000   0.0000  -0.0000   1.0000
IPH=  1  FIJPH     1.1664   0.0027   0.0002   0.0032   1.0004  -0.0015   0.0002  -0.0012   0.8548
         EIGNVAL   1.0003   1.1664   0.8548
         EIGNVEC  -0.0178  -0.9998  -0.0008   0.9998  -0.0178   0.0091  -0.0091  -0.0006   1.0000
IPH=  2  FIJPH     1.0083  -0.0032  -0.0003  -0.0036   0.9995   0.0020  -0.0002   0.0016   0.9922
         EIGNVAL   0.9987   1.0095   0.9918
         EIGNVEC   0.3351  -0.9416  -0.0340   0.9122   0.3333  -0.2382   0.2356   0.0488   0.9706

*******   STEP  10      *** NEFF=10 CALCULATION                
IPH=  0  FIJPH     1.1046   0.0000   0.0000   0.0000   1.0000   0.0000   0.0000   0.0000   0.9044
         EIGNVAL   1.0000   1.1046   0.9044
         EIGNVEC   0.0000  -1.0000   0.0000   1.0000  -0.0000   0.0000   0.0000  -0.0000   1.0000
IPH=  1  FIJPH     1.1864   0.0031   0.0003   0.0036   1.0004  -0.0016   0.0002  -0.0013   0.8401
         EIGNVAL   1.0004   1.1864   0.8400
         EIGNVEC  -0.0180  -0.9998  -0.0008   0.9998  -0.0180   0.0091  -0.0091  -0.0006   1.0000
IPH=  2  FIJPH     1.0093  -0.0037  -0.0003  -0.0041   0.9995   0.0022  -0.0003   0.0017   0.9913
         EIGNVAL   0.9986   1.0107   0.9908
         EIGNVEC   0.3345  -0.9418  -0.0337   0.9130   0.3327  -0.2362   0.2337   0.0482   0.9711

*******   STEP  11      *** NEFF=10 CALCULATION                
IPH=  0  FIJPH     1.1157   0.0000   0.0000   0.0000   1.0000   0.0000   0.0000   0.0000   0.8953
         EIGNVAL   1.0000   1.1157   0.8953
         EIGNVEC   0.0000  -1.0000   0.0000   1.0000  -0.0000   0.0000   0.0000  -0.0000   1.0000
IPH=  1  FIJPH     1.2067   0.0035   0.0003   0.0040   1.0005  -0.0018   0.0002  -0.0014   0.8256
         EIGNVAL   1.0004   1.2068   0.8256
         EIGNVEC  -0.0183  -0.9998  -0.0008   0.9998  -0.0183   0.0091  -0.0091  -0.0006   1.0000
IPH=  2  FIJPH     1.0104  -0.0041  -0.0004  -0.0045   0.9994   0.0024  -0.0003   0.0019   0.9903
         EIGNVAL   0.9984   1.0119   0.9898
         EIGNVEC   0.3338  -0.9420  -0.0335   0.9137   0.3321  -0.2341   0.2317   0.0475   0.9716

*******   STEP  12      *** NEFF=10 CALCULATION                
IPH=  0  FIJPH     1.1268   0.0000   0.0000   0.0000   1.0000   0.0000   0.0000   0.0000   0.8864
         EIGNVAL   1.0000   1.1268   0.8864
         EIGNVEC   0.0000  -1.0000   0.0000   1.0000  -0.0000   0.0000   0.0000  -0.0000   1.0000
IPH=  1  FIJPH     1.2273   0.0039   0.0003   0.0045   1.0005  -0.0019   0.0002  -0.0015   0.8115
         EIGNVAL   1.0005   1.2274   0.8114
         EIGNVEC  -0.0185  -0.9998  -0.0007   0.9998  -0.0186   0.0091  -0.0091  -0.0006   1.0000
IPH=  2  FIJPH     1.0115  -0.0046  -0.0004  -0.0050   0.9993   0.0027  -0.0003   0.0021   0.9893
         EIGNVAL   0.9982   1.0132   0.9887
         EIGNVEC   0.3331  -0.9423  -0.0332   0.9145   0.3315  -0.2319   0.2295   0.0468   0.9722

*******   STEP  13      *** NEFF=10 CALCULATION                
IPH=  0  FIJPH     1.1381   0.0000   0.0000   0.0000   1.0000   0.0000   0.0000   0.0000   0.8775
         EIGNVAL   1.0000   1.1381   0.8775
         EIGNVEC   0.0000  -1.0000   0.0000   1.0000  -0.0000   0.0000   0.0000  -0.0000   1.0000
IPH=  1  FIJPH     1.2483   0.0043   0.0003   0.0050   1.0006  -0.0021   0.0003  -0.0016   0.7976
         EIGNVAL   1.0005   1.2484   0.7975
         EIGNVEC  -0.0188  -0.9998  -0.0007   0.9998  -0.0188   0.0091  -0.0091  -0.0006   1.0000
IPH=  2  FIJPH     1.0127  -0.0050  -0.0005  -0.0054   0.9993   0.0029  -0.0003   0.0022   0.9882
         EIGNVAL   0.9980   1.0145   0.9876
         EIGNVEC   0.3324  -0.9426  -0.0330   0.9153   0.3308  -0.2296   0.2273   0.0461   0.9727

*******   STEP  14      *** NEFF=10 CALCULATION                
IPH=  0  FIJPH     1.1495   0.0000   0.0000   0.0000   1.0000   0.0000   0.0000   0.0000   0.8687
         EIGNVAL   1.0000   1.1495   0.8687
         EIGNVEC   0.0000  -1.0000   0.0000   1.0000  -0.0000   0.0000   0.0000  -0.0000   1.0000
IPH=  1  FIJPH     1.2695   0.0047   0.0004   0.0055   1.0007  -0.0023   0.0003  -0.0018   0.7839
         EIGNVAL   1.0006   1.2696   0.7839
         EIGNVEC  -0.0191  -0.9998  -0.0007   0.9998  -0.0191   0.0091  -0.0091  -0.0006   1.0000
IPH=  2  FIJPH     1.0139  -0.0055  -0.0005  -0.0059   0.9992   0.0031  -0.0003   0.0024   0.9871
         EIGNVAL   0.9978   1.0159   0.9865
         EIGNVEC   0.3317  -0.9428  -0.0327   0.9162   0.3302  -0.2272   0.2250   0.0454   0.9733

*******   STEP  15      *** NEFF=10 CALCULATION                
IPH=  0  FIJPH     1.1610   0.0000   0.0000   0.0000   1.0000   0.0000   0.0000   0.0000   0.8601
         EIGNVAL   1.0000   1.1610   0.8601
         EIGNVEC   0.0000  -1.0000   0.0000   1.0000  -0.0000   0.0000   0.0000  -0.0000   1.0000
IPH=  1  FIJPH     1.2911   0.0052   0.0004   0.0060   1.0007  -0.0024   0.0003  -0.0019   0.7706
