
 **** INPUT FILE VPSC.IN FOR THIS RUN ****
1                        number of elements (nelem)                             
2                        number of phases (nph)                                 
0.55628 0.44372          relative vol. fract. of phases (wph(i))                
*INFORMATION ABOUT PHASE #1                                                     
0 0 25                   grain shape contrl, fragmentn, crit aspect ratio       
1 1 1                    initial ellipsoid ratios (dummy if ishape=4            
0 0 0                    init Eul ang ellips axes (dummy if ishape=3,4)         
* name and path of texture file (filetext)                                      
betaTex.tex                                                                     
* name and path of single crystal file (filecrys)                               
beta.SX                                                                         
* name and path of grain shape file (dummy if ishape=0) (fileaxes)              
betaShape.morph                                                                 
*INFORMATION ABOUT PHASE #2                                                     
0 0 25                   grain shape contrl, fragmentn, crit aspect ratio       
1 1 1                    initial ellipsoid ratios (dummy if ishape=4            
0 0 0                    init Eul ang ellips axes (dummy if ishape=3,4)         
* name and path of texture file (filetext)                                      
alphaTex.tex                                                                    
* name and path of single crystal file (filecrys)                               
alpha.SX                                                                        
* name and path of grain shape file (dummy if ishape=0) (fileaxes)              
alphaShape.morph                                                                
*PRECISION SETTINGS FOR CONVERGENCE PROCEDURES                                  
0.001 0.001 0.001 0.001  errs,errd,errm,errso                                   
100 100 25               itmax:   max # of iter, external, internal and SO loops
0 2 10 2                 irsvar & jrsini,jrsfin,jrstep (dummy if irsvar=0)      
1                        ibcinv (0: don't use <Bc>**-1, 1: use <Bc>**-1 in SC eq
*INPUT/OUTPUT SETTINGS FOR THE RUN (default is zero)                            
0                        irecover:read grain states from POSTMORT.IN (1) or not 
0                        isave:   write grain states in POSTMORT.OUT at step 'is
0                        icubcomp:calculate fcc rolling components?             
0                        nwrite (frequency of texture downloads)                
*MODELING CONDITIONS FOR THE RUN                                                
3                        interaction (0:FC,1:affine,2:secant,3:neff=10,4:tangent
1 1 1                    iupdate: update orient, grain shape, hardening         
0                        nneigh (0 for no neighbors, 1 for pairs, etc.)         
0                        iflu (0: don't calc, 1: calc fluctuations)             
*NUMBER OF PROCESSES (Lij const; Lij variable; PCYS ;LANKFORD; rigid rotatn)    
1                                                                               
*IVGVAR AND PATH\NAME OF FILE FOR EACH PROCESS (dummy if ivgvar=2,3)            
0                                                                               
VelGrad.def                                                                     

IPH=  0  FIJPH     1.0000   0.0000   0.0000   0.0000   1.0000   0.0000   0.0000   0.0000   1.0000
         EIGNVAL   1.0000   1.0000   1.0000
         EIGNVEC   1.0000  -0.0000   0.0000   0.0000  -0.0000   1.0000   0.0000  -1.0000   0.0000

 **** CRYSTAL DATA FILE ****
*Material: Ti-6242                                                              
CUBIC                                crysym                                     
1	1	1.000000		90	90	90         cdim(i),cang(i)                                  
*Elastic stiffness of single crystal [MPa]                                      
135e3	113e3	113e3	0  		0  		0  		                                               
113e3	113e3	135e3	0  		0  		0  		                                               
113e3	113e3	135e3	0  		0  		0  		                                               
0  		0  		0  		54.9e3	0  		0  		                                                
0  		0  		0  		0  		54.9e3	0  		                                                
0  		0  		0  		0  		0  		54.9e3	                                                
*Thermal expansion coefficients of single crystal[K^(-1)]                       
0 0 0 0 0 0                                                                     
SLIP AND TWINNING MODES                                                         
3                                nmodesx                                        
3                                nmodes                                         
1 2 3                                 mode(i)                                   
   {110}<111> SLIP                                                              
1 12 1 0                       modex,nsmx,iopsysx,itwtypex                      
0 1 1   1 1 -1                                                                  
1 0 1   1 1 -1                                                                  
1 -1 0   1 1 -1                                                                 
0 1 -1   1 -1 -1                                                                
1 0 1   1 -1 -1                                                                 
1 1 0   1 -1 -1                                                                 
0 1 1   1 -1 1                                                                  
1 0 -1   1 -1 1                                                                 
1 1 0   1 -1 1                                                                  
0 1 -1   1 1 1                                                                  
1 0 -1   1 1 1                                                                  
1 -1 0   1 1 1                                                                  
   {112}<111> SLIP                                                              
2 12 1 0                       modex,nsmx,iopsysx,itwtypex                      
-2 1 -1   -1 -1 1                                                               
1 -2 -1   -1 -1 1                                                               
1 1 2   -1 -1 1                                                                 
-2 -1 -1   -1 1 1                                                               
1 2 -1   -1 1 1                                                                 
1 -1 2   -1 1 1                                                                 
2 1 -1   1 -1 1                                                                 
-1 -2 -1   1 -1 1                                                               
-1 1 2   1 -1 1                                                                 
2 -1 -1   1 1 1                                                                 
-1 2 -1   1 1 1                                                                 
-1 -1 2   1 1 1                                                                 
   {123}<111> SLIP                                                              
3 24 1 0                       modex,nsmx,iopsysx,itwtypex                      
1 2 3   1 1 -1                                                                  
-1 3 2   1 1 -1                                                                 
2 1 3   1 1 -1                                                                  
-2 3 1   1 1 -1                                                                 
3 -1 2   1 1 -1                                                                 
3 -2 1   1 1 -1                                                                 
-1 2 -3   1 -1 -1                                                               
1 3 -2   1 -1 -1                                                                
2 -1 3   1 -1 -1                                                                
2 3 -1   1 -1 -1                                                                
3 1 2   1 -1 -1                                                                 
3 2 1   1 -1 -1                                                                 
1 -2 -3   1 -1 1                                                                
1 3 2   1 -1 1                                                                  
2 -1 -3   1 -1 1                                                                
2 3 1   1 -1 1                                                                  
3 1 -2   1 -1 1                                                                 
3 2 -1   1 -1 1                                                                 
1 2 -3   1 1 1                                                                  
1 -3 2   1 1 1                                                                  
2 1 -3   1 1 1                                                                  
2 -3 1   1 1 1                                                                  
-3 1 2   1 1 1                                                                  
-3 2 1   1 1 1                                                                  
CONSTITUTIVE LAW                                                                
0           Voce = 0, MTS=1                                                     
1           iratesens (0:rate insensitive, 1:rate sensitive)                    
50           grsze --> grain size only matters if HPfactor is nonzero           
   {110}<111> SLIP----------------------------------------------------          
20                                             nrsx                             
30.0000 0.00000 0.00000 0.00000 0.00000            tau0x,tau1x,thet0,thet1, hpfa
0.00000 0.00000 0.00000        hlatex(1,im),im=1,nmodes                         
   {112}<111> SLIP----------------------------------------------------          
20                                             nrsx                             
30.0000 0.00000 0.00000 0.00000 0.00000            tau0x,tau1x,thet0,thet1, hpfa
0.00000 0.00000 0.00000        hlatex(1,im),im=1,nmodes                         
   {123}<111> SLIP----------------------------------------------------          
20                                             nrsx                             
30.0000 0.00000 0.00000 0.00000 0.00000            tau0x,tau1x,thet0,thet1, hpfa
0.00000 0.00000 0.00000        hlatex(1,im),im=1,nmodes                         
**** END OF CRYSTAL DATA FILE ****


  N & B FOR MODE  1 IN PHASE  1
     0.000     0.707     0.707        0.577     0.577    -0.577
     0.707     0.000     0.707        0.577     0.577    -0.577
     0.707    -0.707     0.000        0.577     0.577    -0.577
     0.000     0.707    -0.707        0.577    -0.577    -0.577
     0.707     0.000     0.707        0.577    -0.577    -0.577
     0.707     0.707     0.000        0.577    -0.577    -0.577
     0.000     0.707     0.707        0.577    -0.577     0.577
     0.707     0.000    -0.707        0.577    -0.577     0.577
     0.707     0.707     0.000        0.577    -0.577     0.577
     0.000     0.707    -0.707        0.577     0.577     0.577
     0.707     0.000    -0.707        0.577     0.577     0.577
     0.707    -0.707     0.000        0.577     0.577     0.577
  N & B FOR MODE  2 IN PHASE  1
    -0.816     0.408    -0.408       -0.577    -0.577     0.577
     0.408    -0.816    -0.408       -0.577    -0.577     0.577
     0.408     0.408     0.816       -0.577    -0.577     0.577
    -0.816    -0.408    -0.408       -0.577     0.577     0.577
     0.408     0.816    -0.408       -0.577     0.577     0.577
     0.408    -0.408     0.816       -0.577     0.577     0.577
     0.816     0.408    -0.408        0.577    -0.577     0.577
    -0.408    -0.816    -0.408        0.577    -0.577     0.577
    -0.408     0.408     0.816        0.577    -0.577     0.577
     0.816    -0.408    -0.408        0.577     0.577     0.577
    -0.408     0.816    -0.408        0.577     0.577     0.577
    -0.408    -0.408     0.816        0.577     0.577     0.577
  N & B FOR MODE  3 IN PHASE  1
     0.267     0.535     0.802        0.577     0.577    -0.577
    -0.267     0.802     0.535        0.577     0.577    -0.577
     0.535     0.267     0.802        0.577     0.577    -0.577
    -0.535     0.802     0.267        0.577     0.577    -0.577
     0.802    -0.267     0.535        0.577     0.577    -0.577
     0.802    -0.535     0.267        0.577     0.577    -0.577
    -0.267     0.535    -0.802        0.577    -0.577    -0.577
     0.267     0.802    -0.535        0.577    -0.577    -0.577
     0.535    -0.267     0.802        0.577    -0.577    -0.577
     0.535     0.802    -0.267        0.577    -0.577    -0.577
     0.802     0.267     0.535        0.577    -0.577    -0.577
     0.802     0.535     0.267        0.577    -0.577    -0.577
     0.267    -0.535    -0.802        0.577    -0.577     0.577
     0.267     0.802     0.535        0.577    -0.577     0.577
     0.535    -0.267    -0.802        0.577    -0.577     0.577
     0.535     0.802     0.267        0.577    -0.577     0.577
     0.802     0.267    -0.535        0.577    -0.577     0.577
     0.802     0.535    -0.267        0.577    -0.577     0.577
     0.267     0.535    -0.802        0.577     0.577     0.577
     0.267    -0.802     0.535        0.577     0.577     0.577
     0.535     0.267    -0.802        0.577     0.577     0.577
     0.535    -0.802     0.267        0.577     0.577     0.577
    -0.802     0.267     0.535        0.577     0.577     0.577
    -0.802     0.535     0.267        0.577     0.577     0.577

 **** CRYST TEXTURE (FIRST FEW LINES) ****
                                                                                
                                                                                
                                                                                
B 1000                                                                          
 334.59    0.13    0.00   0.0005563                                             
 334.59    0.13    0.00   0.0005563                                             
 334.59    0.13    0.00   0.0005563                                             
 334.59    0.13    0.00   0.0005563                                             
 334.59    0.13    0.00   0.0005563                                             
 334.59    0.13    0.00   0.0005563                                             
    .........................
 **** END OF CRYST TEXTURE DATA FILE ****

IPH=  1  FIJPH     1.0000   0.0000   0.0000   0.0000   1.0000   0.0000   0.0000   0.0000   1.0000
         EIGNVAL   1.0000   1.0000   1.0000
         EIGNVEC   1.0000  -0.0000   0.0000   0.0000  -0.0000   1.0000   0.0000  -1.0000   0.0000

 **** CRYSTAL DATA FILE ****
*Material: Ti-6242                                                              
HEXAGONAL                                crysym                                 
1	1	1.594000		90	90	120         cdim(i),cang(i)                                 
*Elastic stiffness of single crystal [MPa]                                      
141e3	76.9e3	57.9e3	0  		0  		0  		                                             
76.9e3	141e3	57.9e3	0  		0  		0  		                                             
57.9e3	57.9e3	163e3	0  		0  		0  		                                             
0  		0  		0  		48.7e3	0  		0  		                                                
0  		0  		0  		0  		48.7e3	0  		                                                
0  		0  		0  		0  		0  		32.05e3	                                               
*Thermal expansion coefficients of single crystal[K^(-1)]                       
5.7e-6 5.7e-6 10.3e-6 0 0 0                                                     
SLIP AND TWINNING MODES                                                         
4                                nmodesx                                        
4                                nmodes                                         
1 2 3 4                                 mode(i)                                 
PRISMATIC                                                                       
1 3 1 0                       modex,nsmx,iopsysx,itwtypex                       
1 0 -1 0   -1 2 -1 0                                                            
0 -1 1 0   2 -1 -1 0                                                            
-1 1 0 0   -1 -1 2 0                                                            
BASAL                                                                           
2 3 1 0                       modex,nsmx,iopsysx,itwtypex                       
0 0 0 1   2 -1 -1 0                                                             
0 0 0 1   -1 2 -1 0                                                             
0 0 0 1   -1 -1 2 0                                                             
PYRAMIDAL<c+a>                                                                  
3 12 1 0                       modex,nsmx,iopsysx,itwtypex                      
1 0 -1 1   2 -1 -1 -3                                                           
1 0 -1 1   1 1 -2 -3                                                            
0 1 -1 1   1 1 -2 -3                                                            
0 1 -1 1   -1 2 -1 -3                                                           
-1 1 0 1   -1 2 -1 -3                                                           
-1 1 0 1   -2 1 1 -3                                                            
-1 0 1 1   -2 1 1 -3                                                            
-1 0 1 1   -1 -1 2 -3                                                           
0 -1 1 1   -1 -1 2 -3                                                           
0 -1 1 1   1 -2 1 -3                                                            
1 -1 0 1   0 -1 2 -3                                                            
1 -1 0 1   2 -1 -1 -3                                                           
PYRAMIDAL<a>                                                                    
4 6 1 0                       modex,nsmx,iopsysx,itwtypex                       
1 0 -1 1   -1 2 -1 0                                                            
0 -1 1 1   2 -1 -1 0                                                            
-1 1 0 1   -1 -1 2 0                                                            
-1 0 1 1   -1 2 -1 0                                                            
0 1 -1 1   2 -1 -1 0                                                            
1 -1 0 1   1 1 -2 0                                                             
CONSTITUTIVE LAW                                                                
0           Voce = 0, MTS=1                                                     
1           iratesens (0:rate insensitive, 1:rate sensitive)                    
50           grsze --> grain size only matters if HPfactor is nonzero           
PRISMATIC----------------------------------------------------                   
20                                             nrsx                             
100.000 0.00000 0.00000 0.00000 0.00000            tau0x,tau1x,thet0,thet1, hpfa
0.00000 0.00000 0.00000 0.00000        hlatex(1,im),im=1,nmodes                 
BASAL----------------------------------------------------                       
20                                             nrsx                             
110.000 0.00000 0.00000 0.00000 0.00000            tau0x,tau1x,thet0,thet1, hpfa
0.00000 0.00000 0.00000 0.00000        hlatex(1,im),im=1,nmodes                 
PYRAMIDAL<c+a>----------------------------------------------------              
20                                             nrsx                             
300.000 0.00000 0.00000 0.00000 0.00000            tau0x,tau1x,thet0,thet1, hpfa
0.00000 0.00000 0.00000 0.00000        hlatex(1,im),im=1,nmodes                 
PYRAMIDAL<a>----------------------------------------------------                
20                                             nrsx                             
95.0000 0.00000 0.00000 0.00000 0.00000            tau0x,tau1x,thet0,thet1, hpfa
0.00000 0.00000 0.00000 0.00000        hlatex(1,im),im=1,nmodes                 
**** END OF CRYSTAL DATA FILE ****


  N & B FOR MODE  1 IN PHASE  2
     0.866     0.500     0.000       -0.500     0.866     0.000
     0.000    -1.000     0.000        1.000     0.000     0.000
    -0.866     0.500     0.000       -0.500    -0.866     0.000
  N & B FOR MODE  2 IN PHASE  2
     0.000     0.000     1.000        1.000     0.000     0.000
     0.000     0.000     1.000       -0.500     0.866     0.000
     0.000     0.000     1.000       -0.500    -0.866     0.000
  N & B FOR MODE  3 IN PHASE  2
     0.761     0.439     0.477        0.531     0.000    -0.847
     0.761     0.439     0.477        0.266     0.460    -0.847
     0.000     0.879     0.477        0.266     0.460    -0.847
     0.000     0.879     0.477       -0.266     0.460    -0.847
    -0.761     0.439     0.477       -0.266     0.460    -0.847
    -0.761     0.439     0.477       -0.531     0.000    -0.847
    -0.761    -0.439     0.477       -0.531     0.000    -0.847
    -0.761    -0.439     0.477       -0.266    -0.460    -0.847
     0.000    -0.879     0.477       -0.266    -0.460    -0.847
     0.000    -0.879     0.477        0.266    -0.460    -0.847
     0.761    -0.439     0.477       -0.091    -0.475    -0.875
     0.761    -0.439     0.477        0.531     0.000    -0.847
  N & B FOR MODE  4 IN PHASE  2
     0.761     0.439     0.477       -0.500     0.866     0.000
     0.000    -0.879     0.477        1.000     0.000     0.000
    -0.761     0.439     0.477       -0.500    -0.866     0.000
    -0.761    -0.439     0.477       -0.500     0.866     0.000
     0.000     0.879     0.477        1.000     0.000     0.000
     0.761    -0.439     0.477        0.500     0.866     0.000

 **** CRYST TEXTURE (FIRST FEW LINES) ****
                                                                                
                                                                                
                                                                                
B 1000                                                                          
 147.92   91.91  329.85   0.0004437                                             
 147.92   91.91  329.85   0.0004437                                             
 147.92   91.91  329.85   0.0004437                                             
 147.92   91.91  329.85   0.0004437                                             
 147.92   91.91  329.85   0.0004437                                             
 147.92   91.91  329.85   0.0004437                                             
    .........................
 **** END OF CRYST TEXTURE DATA FILE ****

IPH=  2  FIJPH     1.0000   0.0000   0.0000   0.0000   1.0000   0.0000   0.0000   0.0000   1.0000
         EIGNVAL   1.0000   1.0000   1.0000
         EIGNVEC   1.0000  -0.0000   0.0000   0.0000  -0.0000   1.0000   0.0000  -1.0000   0.0000

 UB ELASTIC STIFFNESS (VOIGT NOTATION)
  0.1553E+06  0.7146E+05  0.9685E+05  0.2336E+03 -0.1108E+03  0.1357E+05
  0.7146E+05  0.1518E+06  0.1009E+06 -0.2424E+03  0.1281E+03 -0.1392E+05
  0.9460E+05  0.9092E+05  0.1377E+06 -0.7890E+02 -0.6465E+02 -0.3791E+04
  0.2382E+03 -0.2219E+03 -0.5382E+02  0.5006E+05  0.3319E+04 -0.1421E+03
 -0.1086E+03  0.1378E+03 -0.5273E+02  0.3319E+04  0.4685E+05 -0.2083E+03
  0.1357E+05 -0.1392E+05  0.9519E+03 -0.1518E+03 -0.2129E+03  0.3504E+05


  ELASTIC ESHELBY TENSOR (VOIGT NOTATION)
     0.53182     0.04084     0.11469     0.00087    -0.00017     0.04989
     0.05402     0.50861     0.17164    -0.00066     0.00039    -0.07024
     0.13327     0.17495     0.44900     0.00024     0.00007     0.02071
     0.00125    -0.00024     0.00068     0.27643     0.00857    -0.00051
     0.00004     0.00062     0.00030     0.00861     0.26857    -0.00063
     0.05626    -0.06390     0.02792    -0.00053    -0.00065     0.21029

SC ELASTIC STIFFNESS (VOIGT NOTATION)
  0.1524E+06  0.7204E+05  0.9439E+05  0.2127E+03 -0.1611E+03  0.1535E+05
  0.7204E+05  0.1443E+06  0.1010E+06 -0.2653E+03  0.1425E+03 -0.1906E+05
  0.9439E+05  0.1010E+06  0.1284E+06 -0.1672E+02 -0.2466E+02  0.2889E+04
  0.2127E+03 -0.2653E+03 -0.1672E+02  0.4954E+05  0.3986E+04 -0.1254E+03
 -0.1611E+03  0.1425E+03 -0.2466E+02  0.3986E+04  0.4568E+05 -0.2456E+03
  0.1535E+05 -0.1906E+05  0.2889E+04 -0.1254E+03 -0.2456E+03  0.3055E+05

SC ELASTIC COMPLIANCE (VOIGT NOTATION)
  0.1311E-04 -0.1857E-05 -0.8018E-05 -0.4401E-07  0.8894E-08 -0.3493E-05
 -0.1857E-05  0.2027E-04 -0.1491E-04  0.7514E-07 -0.5156E-08  0.7495E-05
 -0.8018E-05 -0.1491E-04  0.2558E-04 -0.2796E-07 -0.2227E-08 -0.3847E-05
 -0.4401E-07  0.7514E-07 -0.2796E-07  0.5082E-05 -0.4434E-06  0.5312E-07
  0.8894E-08 -0.5156E-08 -0.2227E-08 -0.4434E-06  0.5512E-05  0.3877E-07
 -0.3493E-05  0.7495E-05 -0.3847E-05  0.5312E-07  0.3877E-07  0.1158E-04

*** LOAD CONDITIONS FOR THIS RUN
50	3	0.01	298			nsteps	ictrl	eqincr	temp                                        
* boundary conditions                                                           
1	1	1		iudot	|	flag for vel.grad.                                               
1	1	1				|	(0:unknown-1:known)                                                  
1	1	1				|                                                                      
						|                                                                         
1	0	0		udot	|	vel.grad                                                          
0	0	0				|                                                                      
0	0	-1				|                                                                     
						|                                                                         
0	0	0		iscau	|	flag for Cauchy                                                  
	0	0				|                                                                       
		0				|                                                                        
						|                                                                         
0	0	0		scauchy	|	Cauchy stress                                                  
	0	0				|                                                                       
		0				|                                                                        

*******   STEP   1      *** NEFF=10 CALCULATION                

 xmctg after gr rate for grain  301
  0.9673E-02  0.1289E-01 -0.7207E-06 -0.7444E-05 -0.9579E-03
  0.1289E-01  0.2332E-01  0.1175E-04  0.9961E-05 -0.3435E-03
 -0.7207E-06  0.1175E-04  0.3962E-02  0.2197E-02 -0.4920E-05
 -0.7444E-05  0.9961E-05  0.2197E-02  0.2156E-02 -0.6139E-05
 -0.9579E-03 -0.3435E-03 -0.4920E-05 -0.6139E-05  0.2564E-02

 xmctg after gr rate for grain  302
  0.9673E-02  0.1289E-01 -0.7207E-06 -0.7444E-05 -0.9579E-03
  0.1289E-01  0.2332E-01  0.1175E-04  0.9961E-05 -0.3435E-03
 -0.7207E-06  0.1175E-04  0.3962E-02  0.2197E-02 -0.4920E-05
 -0.7444E-05  0.9961E-05  0.2197E-02  0.2156E-02 -0.6139E-05
 -0.9579E-03 -0.3435E-03 -0.4920E-05 -0.6139E-05  0.2564E-02

 xmctg after gr rate for grain  303
  0.9673E-02  0.1289E-01 -0.7207E-06 -0.7444E-05 -0.9579E-03
  0.1289E-01  0.2332E-01  0.1175E-04  0.9961E-05 -0.3435E-03
 -0.7207E-06  0.1175E-04  0.3962E-02  0.2197E-02 -0.4920E-05
 -0.7444E-05  0.9961E-05  0.2197E-02  0.2156E-02 -0.6139E-05
 -0.9579E-03 -0.3435E-03 -0.4920E-05 -0.6139E-05  0.2564E-02

 xmctg after gr rate for grain  304
  0.9673E-02  0.1289E-01 -0.7207E-06 -0.7444E-05 -0.9579E-03
  0.1289E-01  0.2332E-01  0.1175E-04  0.9961E-05 -0.3435E-03
 -0.7207E-06  0.1175E-04  0.3962E-02  0.2197E-02 -0.4920E-05
 -0.7444E-05  0.9961E-05  0.2197E-02  0.2156E-02 -0.6139E-05
 -0.9579E-03 -0.3435E-03 -0.4920E-05 -0.6139E-05  0.2564E-02

 xmctg after gr rate for grain  305
  0.9673E-02  0.1289E-01 -0.7207E-06 -0.7444E-05 -0.9579E-03
  0.1289E-01  0.2332E-01  0.1175E-04  0.9961E-05 -0.3435E-03
 -0.7207E-06  0.1175E-04  0.3962E-02  0.2197E-02 -0.4920E-05
 -0.7444E-05  0.9961E-05  0.2197E-02  0.2156E-02 -0.6139E-05
 -0.9579E-03 -0.3435E-03 -0.4920E-05 -0.6139E-05  0.2564E-02
IPH=  0  FIJPH     1.0100   0.0000   0.0000   0.0000   1.0000   0.0000   0.0000   0.0000   0.9900
         EIGNVAL   1.0000   1.0100   0.9900
         EIGNVEC   0.0000  -1.0000   0.0000   1.0000  -0.0000   0.0000   0.0000  -0.0000   1.0000
IPH=  1  FIJPH     1.0166   0.0003   0.0000   0.0003   1.0002  -0.0000   0.0000  -0.0000   0.9832
         EIGNVAL   1.0002   1.0166   0.9832
         EIGNVEC  -0.0168  -0.9999  -0.0014   0.9999  -0.0168   0.0012  -0.0013  -0.0014   1.0000
IPH=  2  FIJPH     1.0017  -0.0003  -0.0001  -0.0004   0.9998   0.0000  -0.0001   0.0000   0.9985
         EIGNVAL   0.9997   1.0017   0.9985
         EIGNVEC   0.1754  -0.9843   0.0174   0.9844   0.1752  -0.0159   0.0126   0.0199   0.9997

*******   STEP   2      *** NEFF=10 CALCULATION                
IPH=  0  FIJPH     1.0201   0.0000   0.0000   0.0000   1.0000   0.0000   0.0000   0.0000   0.9801
         EIGNVAL   1.0000   1.0201   0.9801
         EIGNVEC   0.0000  -1.0000   0.0000   1.0000  -0.0000   0.0000   0.0000  -0.0000   1.0000
IPH=  1  FIJPH     1.0335   0.0005   0.0001   0.0006   1.0004  -0.0000   0.0001  -0.0000   0.9667
         EIGNVAL   1.0003   1.0336   0.9667
         EIGNVEC  -0.0169  -0.9999  -0.0014   0.9999  -0.0169   0.0012  -0.0012  -0.0014   1.0000
IPH=  2  FIJPH     1.0034  -0.0007  -0.0001  -0.0007   0.9996   0.0000  -0.0001   0.0001   0.9971
         EIGNVAL   0.9994   1.0035   0.9971
         EIGNVEC   0.1749  -0.9844   0.0174   0.9845   0.1746  -0.0154   0.0121   0.0198   0.9997

*******   STEP   3      *** NEFF=10 CALCULATION                
IPH=  0  FIJPH     1.0303   0.0000   0.0000   0.0000   1.0000   0.0000   0.0000   0.0000   0.9703
         EIGNVAL   1.0000   1.0303   0.9703
         EIGNVEC   0.0000  -1.0000   0.0000   1.0000  -0.0000   0.0000   0.0000  -0.0000   1.0000
IPH=  1  FIJPH     1.0507   0.0008   0.0001   0.0009   1.0005  -0.0000   0.0001  -0.0001   0.9504
         EIGNVAL   1.0005   1.0507   0.9504
         EIGNVEC  -0.0169  -0.9999  -0.0014   0.9999  -0.0169   0.0012  -0.0012  -0.0014   1.0000
IPH=  2  FIJPH     1.0051  -0.0010  -0.0002  -0.0011   0.9993   0.0001  -0.0002   0.0001   0.9956
         EIGNVAL   0.9991   1.0053   0.9956
         EIGNVEC   0.1742  -0.9845   0.0174   0.9846   0.1740  -0.0149   0.0116   0.0197   0.9997

*******   STEP   4      *** NEFF=10 CALCULATION                
IPH=  0  FIJPH     1.0406   0.0000   0.0000   0.0000   1.0000   0.0000   0.0000   0.0000   0.9606
         EIGNVAL   1.0000   1.0406   0.9606
         EIGNVEC   0.0000  -1.0000   0.0000   1.0000  -0.0000   0.0000   0.0000  -0.0000   1.0000
IPH=  1  FIJPH     1.0682   0.0010   0.0002   0.0012   1.0007  -0.0001   0.0002  -0.0001   0.9345
         EIGNVAL   1.0007   1.0682   0.9345
         EIGNVEC  -0.0170  -0.9999  -0.0014   0.9999  -0.0170   0.0011  -0.0012  -0.0014   1.0000
IPH=  2  FIJPH     1.0068  -0.0014  -0.0002  -0.0014   0.9991   0.0001  -0.0002   0.0001   0.9941
         EIGNVAL   0.9989   1.0071   0.9941
         EIGNVEC   0.1736  -0.9847   0.0174   0.9847   0.1734  -0.0143   0.0111   0.0196   0.9997

*******   STEP   5      *** NEFF=10 CALCULATION                
IPH=  0  FIJPH     1.0510   0.0000   0.0000   0.0000   1.0000   0.0000   0.0000   0.0000   0.9510
         EIGNVAL   1.0000   1.0510   0.9510
         EIGNVEC   0.0000  -1.0000   0.0000   1.0000  -0.0000   0.0000   0.0000  -0.0000   1.0000
IPH=  1  FIJPH     1.0859   0.0013   0.0002   0.0016   1.0009  -0.0001   0.0002  -0.0001   0.9188
         EIGNVAL   1.0009   1.0859   0.9188
         EIGNVEC  -0.0171  -0.9999  -0.0014   0.9999  -0.0171   0.0011  -0.0011  -0.0014   1.0000
IPH=  2  FIJPH     1.0086  -0.0017  -0.0003  -0.0018   0.9989   0.0001  -0.0003   0.0001   0.9926
         EIGNVAL   0.9986   1.0089   0.9926
         EIGNVEC   0.1730  -0.9848   0.0174   0.9849   0.1728  -0.0137   0.0105   0.0195   0.9998

*******   STEP   6      *** NEFF=10 CALCULATION                
IPH=  0  FIJPH     1.0615   0.0000   0.0000   0.0000   1.0000   0.0000   0.0000   0.0000   0.9415
         EIGNVAL   1.0000   1.0615   0.9415
         EIGNVEC   0.0000  -1.0000   0.0000   1.0000  -0.0000   0.0000   0.0000  -0.0000   1.0000
IPH=  1  FIJPH     1.1039   0.0015   0.0003   0.0020   1.0011  -0.0001   0.0003  -0.0001   0.9034
         EIGNVAL   1.0011   1.1039   0.9034
         EIGNVEC  -0.0172  -0.9999  -0.0014   0.9999  -0.0172   0.0011  -0.0011  -0.0014   1.0000
IPH=  2  FIJPH     1.0103  -0.0021  -0.0004  -0.0021   0.9986   0.0001  -0.0004   0.0002   0.9911
         EIGNVAL   0.9983   1.0107   0.9911
         EIGNVEC   0.1724  -0.9849   0.0174   0.9850   0.1722  -0.0132   0.0100   0.0194   0.9998

*******   STEP   7      *** NEFF=10 CALCULATION                
IPH=  0  FIJPH     1.0721   0.0000   0.0000   0.0000   1.0000   0.0000   0.0000   0.0000   0.9321
         EIGNVAL   1.0000   1.0721   0.9321
         EIGNVEC   0.0000  -1.0000   0.0000   1.0000  -0.0000   0.0000   0.0000  -0.0000   1.0000
IPH=  1  FIJPH     1.1221   0.0018   0.0003   0.0024   1.0013  -0.0001   0.0003  -0.0001   0.8883
         EIGNVAL   1.0013   1.1222   0.8883
         EIGNVEC  -0.0173  -0.9998  -0.0014   0.9999  -0.0173   0.0011  -0.0011  -0.0014   1.0000
IPH=  2  FIJPH     1.0122  -0.0024  -0.0004  -0.0025   0.9984   0.0001  -0.0004   0.0002   0.9896
         EIGNVAL   0.9979   1.0126   0.9896
         EIGNVEC   0.1718  -0.9850   0.0174   0.9851   0.1716  -0.0126   0.0094   0.0193   0.9998

*******   STEP   8      *** NEFF=10 CALCULATION                
IPH=  0  FIJPH     1.0829   0.0000   0.0000   0.0000   1.0000   0.0000   0.0000   0.0000   0.9227
         EIGNVAL   1.0000   1.0829   0.9227
         EIGNVEC   0.0000  -1.0000   0.0000   1.0000  -0.0000   0.0000   0.0000  -0.0000   1.0000
IPH=  1  FIJPH     1.1407   0.0020   0.0004   0.0028   1.0015  -0.0001   0.0004  -0.0002   0.8734
         EIGNVAL   1.0014   1.1407   0.8734
         EIGNVEC  -0.0174  -0.9998  -0.0014   0.9998  -0.0174   0.0010  -0.0011  -0.0014   1.0000
IPH=  2  FIJPH     1.0140  -0.0028  -0.0005  -0.0029   0.9981   0.0001  -0.0005   0.0002   0.9880
         EIGNVAL   0.9976   1.0145   0.9880
         EIGNVEC   0.1712  -0.9851   0.0174   0.9852   0.1710  -0.0120   0.0089   0.0192   0.9998

*******   STEP   9      *** NEFF=10 CALCULATION                
IPH=  0  FIJPH     1.0937   0.0000   0.0000   0.0000   1.0000   0.0000   0.0000   0.0000   0.9135
         EIGNVAL   1.0000   1.0937   0.9135
         EIGNVEC   0.0000  -1.0000   0.0000   1.0000  -0.0000   0.0000   0.0000  -0.0000   1.0000
IPH=  1  FIJPH     1.1595   0.0022   0.0005   0.0032   1.0017  -0.0001   0.0004  -0.0002   0.8588
         EIGNVAL   1.0016   1.1595   0.8588
         EIGNVEC  -0.0175  -0.9998  -0.0015   0.9998  -0.0175   0.0010  -0.0010  -0.0014   1.0000
IPH=  2  FIJPH     1.0159  -0.0032  -0.0006  -0.0032   0.9979   0.0001  -0.0005   0.0002   0.9864
         EIGNVAL   0.9973   1.0165   0.9864
         EIGNVEC   0.1706  -0.9852   0.0174   0.9853   0.1704  -0.0114   0.0083   0.0191   0.9998

*******   STEP  10      *** NEFF=10 CALCULATION                
IPH=  0  FIJPH     1.1046   0.0000   0.0000   0.0000   1.0000   0.0000   0.0000   0.0000   0.9044
         EIGNVAL   1.0000   1.1046   0.9044
         EIGNVEC   0.0000  -1.0000   0.0000   1.0000  -0.0000   0.0000   0.0000  -0.0000   1.0000
IPH=  1  FIJPH     1.1786   0.0024   0.0005   0.0037   1.0019  -0.0001   0.0005  -0.0002   0.8445
         EIGNVAL   1.0018   1.1786   0.8445
         EIGNVEC  -0.0177  -0.9998  -0.0015   0.9998  -0.0177   0.0010  -0.0010  -0.0014   1.0000
IPH=  2  FIJPH     1.0178  -0.0036  -0.0006  -0.0036   0.9976   0.0001  -0.0006   0.0003   0.9848
         EIGNVAL   0.9970   1.0184   0.9848
         EIGNVEC   0.1699  -0.9853   0.0174   0.9854   0.1698  -0.0109   0.0077   0.0190   0.9998

*******   STEP  11      *** NEFF=10 CALCULATION                
IPH=  0  FIJPH     1.1157   0.0000   0.0000   0.0000   1.0000   0.0000   0.0000   0.0000   0.8953
         EIGNVAL   1.0000   1.1157   0.8953
         EIGNVEC   0.0000  -1.0000   0.0000   1.0000  -0.0000   0.0000   0.0000  -0.0000   1.0000
IPH=  1  FIJPH     1.1980   0.0027   0.0006   0.0042   1.0021  -0.0001   0.0005  -0.0002   0.8305
         EIGNVAL   1.0021   1.1980   0.8305
         EIGNVEC  -0.0179  -0.9998  -0.0015   0.9998  -0.0179   0.0010  -0.0010  -0.0014   1.0000
IPH=  2  FIJPH     1.0198  -0.0039  -0.0007  -0.0040   0.9973   0.0002  -0.0006   0.0003   0.9832
         EIGNVAL   0.9967   1.0205   0.9832
         EIGNVEC   0.1693  -0.9854   0.0174   0.9855   0.1691  -0.0103   0.0072   0.0188   0.9998

*******   STEP  12      *** NEFF=10 CALCULATION                
IPH=  0  FIJPH     1.1268   0.0000   0.0000   0.0000   1.0000   0.0000   0.0000   0.0000   0.8864
         EIGNVAL   1.0000   1.1268   0.8864
         EIGNVEC   0.0000  -1.0000   0.0000   1.0000  -0.0000   0.0000   0.0000  -0.0000   1.0000
IPH=  1  FIJPH     1.2176   0.0029   0.0006   0.0047   1.0023  -0.0001   0.0006  -0.0002   0.8166
         EIGNVAL   1.0023   1.2177   0.8166
         EIGNVEC  -0.0181  -0.9998  -0.0015   0.9998  -0.0181   0.0009  -0.0010  -0.0014   1.0000
IPH=  2  FIJPH     1.0218  -0.0043  -0.0008  -0.0044   0.9971   0.0002  -0.0007   0.0003   0.9816
         EIGNVAL   0.9963   1.0225   0.9815
         EIGNVEC   0.1686  -0.9855   0.0173   0.9857   0.1685  -0.0097   0.0066   0.0187   0.9998

*******   STEP  13      *** NEFF=10 CALCULATION                
IPH=  0  FIJPH     1.1381   0.0000   0.0000   0.0000   1.0000   0.0000   0.0000   0.0000   0.8775
         EIGNVAL   1.0000   1.1381   0.8775
         EIGNVEC   0.0000  -1.0000   0.0000   1.0000  -0.0000   0.0000   0.0000  -0.0000   1.0000
IPH=  1  FIJPH     1.2376   0.0031   0.0007   0.0053   1.0026  -0.0001   0.0006  -0.0002   0.8031
         EIGNVAL   1.0025   1.2376   0.8031
         EIGNVEC  -0.0183  -0.9998  -0.0015   0.9998  -0.0183   0.0009  -0.0009  -0.0014   1.0000
IPH=  2  FIJPH     1.0238  -0.0047  -0.0009  -0.0047   0.9968   0.0002  -0.0007   0.0003   0.9799
         EIGNVAL   0.9960   1.0246   0.9798
         EIGNVEC   0.1680  -0.9856   0.0173   0.9858   0.1678  -0.0091   0.0061   0.0186   0.9998

*******   STEP  14      *** NEFF=10 CALCULATION                
IPH=  0  FIJPH     1.1495   0.0000   0.0000   0.0000   1.0000   0.0000   0.0000   0.0000   0.8687
         EIGNVAL   1.0000   1.1495   0.8687
         EIGNVEC   0.0000  -1.0000   0.0000   1.0000  -0.0000   0.0000   0.0000  -0.0000   1.0000
IPH=  1  FIJPH     1.2578   0.0033   0.0007   0.0058   1.0028  -0.0001   0.0006  -0.0002   0.7898
         EIGNVAL   1.0027   1.2579   0.7898
         EIGNVEC  -0.0185  -0.9998  -0.0015   0.9998  -0.0185   0.0009  -0.0009  -0.0014   1.0000
IPH=  2  FIJPH     1.0259  -0.0052  -0.0009  -0.0051   0.9965   0.0002  -0.0008   0.0003   0.9781
         EIGNVAL   0.9956   1.0268   0.9781
         EIGNVEC   0.1673  -0.9858   0.0173   0.9859   0.1672  -0.0085   0.0055   0.0185   0.9998

*******   STEP  15      *** NEFF=10 CALCULATION                
IPH=  0  FIJPH     1.1610   0.0000   0.0000   0.0000   1.0000   0.0000   0.0000   0.0000   0.8601
         EIGNVAL   1.0000   1.1610   0.8601
         EIGNVEC   0.0000  -1.0000   0.0000   1.0000  -0.0000   0.0000   0.0000  -0.0000   1.0000
IPH=  1  FIJPH     1.2783   0.0036   0.0008   0.0064   1.0030  -0.0001   0.0007  -0.0002   0.7767
