
 **** INPUT FILE VPSC.IN FOR THIS RUN ****
1                        number of elements (nelem)                             
2                        number of phases (nph)                                 
0.55628 0.44372          relative vol. fract. of phases (wph(i))                
*INFORMATION ABOUT PHASE #1                                                     
0 0 25                   grain shape contrl, fragmentn, crit aspect ratio       
1 1 1                    initial ellipsoid ratios (dummy if ishape=4            
0 0 0                    init Eul ang ellips axes (dummy if ishape=3,4)         
* name and path of texture file (filetext)                                      
betaTex.tex                                                                     
* name and path of single crystal file (filecrys)                               
beta.SX                                                                         
* name and path of grain shape file (dummy if ishape=0) (fileaxes)              
betaShape.morph                                                                 
*INFORMATION ABOUT PHASE #2                                                     
0 0 25                   grain shape contrl, fragmentn, crit aspect ratio       
1 1 1                    initial ellipsoid ratios (dummy if ishape=4            
0 0 0                    init Eul ang ellips axes (dummy if ishape=3,4)         
* name and path of texture file (filetext)                                      
alphaTex.tex                                                                    
* name and path of single crystal file (filecrys)                               
alpha.SX                                                                        
* name and path of grain shape file (dummy if ishape=0) (fileaxes)              
alphaShape.morph                                                                
*PRECISION SETTINGS FOR CONVERGENCE PROCEDURES                                  
0.001 0.001 0.001 0.001  errs,errd,errm,errso                                   
100 100 25               itmax:   max # of iter, external, internal and SO loops
0 2 10 2                 irsvar & jrsini,jrsfin,jrstep (dummy if irsvar=0)      
1                        ibcinv (0: don't use <Bc>**-1, 1: use <Bc>**-1 in SC eq
*INPUT/OUTPUT SETTINGS FOR THE RUN (default is zero)                            
0                        irecover:read grain states from POSTMORT.IN (1) or not 
0                        isave:   write grain states in POSTMORT.OUT at step 'is
0                        icubcomp:calculate fcc rolling components?             
0                        nwrite (frequency of texture downloads)                
*MODELING CONDITIONS FOR THE RUN                                                
3                        interaction (0:FC,1:affine,2:secant,3:neff=10,4:tangent
1 1 1                    iupdate: update orient, grain shape, hardening         
0                        nneigh (0 for no neighbors, 1 for pairs, etc.)         
0                        iflu (0: don't calc, 1: calc fluctuations)             
*NUMBER OF PROCESSES (Lij const; Lij variable; PCYS ;LANKFORD; rigid rotatn)    
1                                                                               
*IVGVAR AND PATH\NAME OF FILE FOR EACH PROCESS (dummy if ivgvar=2,3)            
0                                                                               
VelGrad.def                                                                     

IPH=  0  FIJPH     1.0000   0.0000   0.0000   0.0000   1.0000   0.0000   0.0000   0.0000   1.0000
         EIGNVAL   1.0000   1.0000   1.0000
         EIGNVEC   1.0000  -0.0000   0.0000   0.0000  -0.0000   1.0000   0.0000  -1.0000   0.0000

 **** CRYSTAL DATA FILE ****
*Material: Ti-6242                                                              
CUBIC                                crysym                                     
1	1	1.000000		90	90	90         cdim(i),cang(i)                                  
*Elastic stiffness of single crystal [MPa]                                      
135e3	113e3	113e3	0  		0  		0  		                                               
113e3	113e3	135e3	0  		0  		0  		                                               
113e3	113e3	135e3	0  		0  		0  		                                               
0  		0  		0  		54.9e3	0  		0  		                                                
0  		0  		0  		0  		54.9e3	0  		                                                
0  		0  		0  		0  		0  		54.9e3	                                                
*Thermal expansion coefficients of single crystal[K^(-1)]                       
0 0 0 0 0 0                                                                     
SLIP AND TWINNING MODES                                                         
3                                nmodesx                                        
3                                nmodes                                         
1 2 3                                 mode(i)                                   
   {110}<111> SLIP                                                              
1 12 1 0                       modex,nsmx,iopsysx,itwtypex                      
0 1 1   1 1 -1                                                                  
1 0 1   1 1 -1                                                                  
1 -1 0   1 1 -1                                                                 
0 1 -1   1 -1 -1                                                                
1 0 1   1 -1 -1                                                                 
1 1 0   1 -1 -1                                                                 
0 1 1   1 -1 1                                                                  
1 0 -1   1 -1 1                                                                 
1 1 0   1 -1 1                                                                  
0 1 -1   1 1 1                                                                  
1 0 -1   1 1 1                                                                  
1 -1 0   1 1 1                                                                  
   {112}<111> SLIP                                                              
2 12 1 0                       modex,nsmx,iopsysx,itwtypex                      
-2 1 -1   -1 -1 1                                                               
1 -2 -1   -1 -1 1                                                               
1 1 2   -1 -1 1                                                                 
-2 -1 -1   -1 1 1                                                               
1 2 -1   -1 1 1                                                                 
1 -1 2   -1 1 1                                                                 
2 1 -1   1 -1 1                                                                 
-1 -2 -1   1 -1 1                                                               
-1 1 2   1 -1 1                                                                 
2 -1 -1   1 1 1                                                                 
-1 2 -1   1 1 1                                                                 
-1 -1 2   1 1 1                                                                 
   {123}<111> SLIP                                                              
3 24 1 0                       modex,nsmx,iopsysx,itwtypex                      
1 2 3   1 1 -1                                                                  
-1 3 2   1 1 -1                                                                 
2 1 3   1 1 -1                                                                  
-2 3 1   1 1 -1                                                                 
3 -1 2   1 1 -1                                                                 
3 -2 1   1 1 -1                                                                 
-1 2 -3   1 -1 -1                                                               
1 3 -2   1 -1 -1                                                                
2 -1 3   1 -1 -1                                                                
2 3 -1   1 -1 -1                                                                
3 1 2   1 -1 -1                                                                 
3 2 1   1 -1 -1                                                                 
1 -2 -3   1 -1 1                                                                
1 3 2   1 -1 1                                                                  
2 -1 -3   1 -1 1                                                                
2 3 1   1 -1 1                                                                  
3 1 -2   1 -1 1                                                                 
3 2 -1   1 -1 1                                                                 
1 2 -3   1 1 1                                                                  
1 -3 2   1 1 1                                                                  
2 1 -3   1 1 1                                                                  
2 -3 1   1 1 1                                                                  
-3 1 2   1 1 1                                                                  
-3 2 1   1 1 1                                                                  
CONSTITUTIVE LAW                                                                
0           Voce = 0, MTS=1                                                     
1           iratesens (0:rate insensitive, 1:rate sensitive)                    
50           grsze --> grain size only matters if HPfactor is nonzero           
   {110}<111> SLIP----------------------------------------------------          
20                                             nrsx                             
30.0000 0.00000 0.00000 0.00000 0.00000            tau0x,tau1x,thet0,thet1, hpfa
0.00000 0.00000 0.00000        hlatex(1,im),im=1,nmodes                         
   {112}<111> SLIP----------------------------------------------------          
20                                             nrsx                             
30.0000 0.00000 0.00000 0.00000 0.00000            tau0x,tau1x,thet0,thet1, hpfa
0.00000 0.00000 0.00000        hlatex(1,im),im=1,nmodes                         
   {123}<111> SLIP----------------------------------------------------          
20                                             nrsx                             
30.0000 0.00000 0.00000 0.00000 0.00000            tau0x,tau1x,thet0,thet1, hpfa
0.00000 0.00000 0.00000        hlatex(1,im),im=1,nmodes                         
**** END OF CRYSTAL DATA FILE ****


  N & B FOR MODE  1 IN PHASE  1
     0.000     0.707     0.707        0.577     0.577    -0.577
     0.707     0.000     0.707        0.577     0.577    -0.577
     0.707    -0.707     0.000        0.577     0.577    -0.577
     0.000     0.707    -0.707        0.577    -0.577    -0.577
     0.707     0.000     0.707        0.577    -0.577    -0.577
     0.707     0.707     0.000        0.577    -0.577    -0.577
     0.000     0.707     0.707        0.577    -0.577     0.577
     0.707     0.000    -0.707        0.577    -0.577     0.577
     0.707     0.707     0.000        0.577    -0.577     0.577
     0.000     0.707    -0.707        0.577     0.577     0.577
     0.707     0.000    -0.707        0.577     0.577     0.577
     0.707    -0.707     0.000        0.577     0.577     0.577
  N & B FOR MODE  2 IN PHASE  1
    -0.816     0.408    -0.408       -0.577    -0.577     0.577
     0.408    -0.816    -0.408       -0.577    -0.577     0.577
     0.408     0.408     0.816       -0.577    -0.577     0.577
    -0.816    -0.408    -0.408       -0.577     0.577     0.577
     0.408     0.816    -0.408       -0.577     0.577     0.577
     0.408    -0.408     0.816       -0.577     0.577     0.577
     0.816     0.408    -0.408        0.577    -0.577     0.577
    -0.408    -0.816    -0.408        0.577    -0.577     0.577
    -0.408     0.408     0.816        0.577    -0.577     0.577
     0.816    -0.408    -0.408        0.577     0.577     0.577
    -0.408     0.816    -0.408        0.577     0.577     0.577
    -0.408    -0.408     0.816        0.577     0.577     0.577
  N & B FOR MODE  3 IN PHASE  1
     0.267     0.535     0.802        0.577     0.577    -0.577
    -0.267     0.802     0.535        0.577     0.577    -0.577
     0.535     0.267     0.802        0.577     0.577    -0.577
    -0.535     0.802     0.267        0.577     0.577    -0.577
     0.802    -0.267     0.535        0.577     0.577    -0.577
     0.802    -0.535     0.267        0.577     0.577    -0.577
    -0.267     0.535    -0.802        0.577    -0.577    -0.577
     0.267     0.802    -0.535        0.577    -0.577    -0.577
     0.535    -0.267     0.802        0.577    -0.577    -0.577
     0.535     0.802    -0.267        0.577    -0.577    -0.577
     0.802     0.267     0.535        0.577    -0.577    -0.577
     0.802     0.535     0.267        0.577    -0.577    -0.577
     0.267    -0.535    -0.802        0.577    -0.577     0.577
     0.267     0.802     0.535        0.577    -0.577     0.577
     0.535    -0.267    -0.802        0.577    -0.577     0.577
     0.535     0.802     0.267        0.577    -0.577     0.577
     0.802     0.267    -0.535        0.577    -0.577     0.577
     0.802     0.535    -0.267        0.577    -0.577     0.577
     0.267     0.535    -0.802        0.577     0.577     0.577
     0.267    -0.802     0.535        0.577     0.577     0.577
     0.535     0.267    -0.802        0.577     0.577     0.577
     0.535    -0.802     0.267        0.577     0.577     0.577
    -0.802     0.267     0.535        0.577     0.577     0.577
    -0.802     0.535     0.267        0.577     0.577     0.577

 **** CRYST TEXTURE (FIRST FEW LINES) ****
                                                                                
                                                                                
                                                                                
B 1000                                                                          
 344.22    0.08    0.00   0.0005563                                             
 344.22    0.08    0.00   0.0005563                                             
 344.22    0.08    0.00   0.0005563                                             
 344.22    0.08    0.00   0.0005563                                             
 344.22    0.08    0.00   0.0005563                                             
 344.22    0.08    0.00   0.0005563                                             
    .........................
 **** END OF CRYST TEXTURE DATA FILE ****

IPH=  1  FIJPH     1.0000   0.0000   0.0000   0.0000   1.0000   0.0000   0.0000   0.0000   1.0000
         EIGNVAL   1.0000   1.0000   1.0000
         EIGNVEC   1.0000  -0.0000   0.0000   0.0000  -0.0000   1.0000   0.0000  -1.0000   0.0000

 **** CRYSTAL DATA FILE ****
*Material: Ti-6242                                                              
HEXAGONAL                                crysym                                 
1	1	1.594000		90	90	120         cdim(i),cang(i)                                 
*Elastic stiffness of single crystal [MPa]                                      
141e3	76.9e3	57.9e3	0  		0  		0  		                                             
76.9e3	141e3	57.9e3	0  		0  		0  		                                             
57.9e3	57.9e3	163e3	0  		0  		0  		                                             
0  		0  		0  		48.7e3	0  		0  		                                                
0  		0  		0  		0  		48.7e3	0  		                                                
0  		0  		0  		0  		0  		32.05e3	                                               
*Thermal expansion coefficients of single crystal[K^(-1)]                       
5.7e-6 5.7e-6 10.3e-6 0 0 0                                                     
SLIP AND TWINNING MODES                                                         
4                                nmodesx                                        
4                                nmodes                                         
1 2 3 4                                 mode(i)                                 
PRISMATIC                                                                       
1 3 1 0                       modex,nsmx,iopsysx,itwtypex                       
1 0 -1 0   -1 2 -1 0                                                            
0 -1 1 0   2 -1 -1 0                                                            
-1 1 0 0   -1 -1 2 0                                                            
BASAL                                                                           
2 3 1 0                       modex,nsmx,iopsysx,itwtypex                       
0 0 0 1   2 -1 -1 0                                                             
0 0 0 1   -1 2 -1 0                                                             
0 0 0 1   -1 -1 2 0                                                             
PYRAMIDAL<c+a>                                                                  
3 12 1 0                       modex,nsmx,iopsysx,itwtypex                      
1 0 -1 1   2 -1 -1 -3                                                           
1 0 -1 1   1 1 -2 -3                                                            
0 1 -1 1   1 1 -2 -3                                                            
0 1 -1 1   -1 2 -1 -3                                                           
-1 1 0 1   -1 2 -1 -3                                                           
-1 1 0 1   -2 1 1 -3                                                            
-1 0 1 1   -2 1 1 -3                                                            
-1 0 1 1   -1 -1 2 -3                                                           
0 -1 1 1   -1 -1 2 -3                                                           
0 -1 1 1   1 -2 1 -3                                                            
1 -1 0 1   0 -1 2 -3                                                            
1 -1 0 1   2 -1 -1 -3                                                           
PYRAMIDAL<a>                                                                    
4 6 1 0                       modex,nsmx,iopsysx,itwtypex                       
1 0 -1 1   -1 2 -1 0                                                            
0 -1 1 1   2 -1 -1 0                                                            
-1 1 0 1   -1 -1 2 0                                                            
-1 0 1 1   -1 2 -1 0                                                            
0 1 -1 1   2 -1 -1 0                                                            
1 -1 0 1   1 1 -2 0                                                             
CONSTITUTIVE LAW                                                                
0           Voce = 0, MTS=1                                                     
1           iratesens (0:rate insensitive, 1:rate sensitive)                    
50           grsze --> grain size only matters if HPfactor is nonzero           
PRISMATIC----------------------------------------------------                   
20                                             nrsx                             
100.000 0.00000 0.00000 0.00000 0.00000            tau0x,tau1x,thet0,thet1, hpfa
0.00000 0.00000 0.00000 0.00000        hlatex(1,im),im=1,nmodes                 
BASAL----------------------------------------------------                       
20                                             nrsx                             
110.000 0.00000 0.00000 0.00000 0.00000            tau0x,tau1x,thet0,thet1, hpfa
0.00000 0.00000 0.00000 0.00000        hlatex(1,im),im=1,nmodes                 
PYRAMIDAL<c+a>----------------------------------------------------              
20                                             nrsx                             
300.000 0.00000 0.00000 0.00000 0.00000            tau0x,tau1x,thet0,thet1, hpfa
0.00000 0.00000 0.00000 0.00000        hlatex(1,im),im=1,nmodes                 
PYRAMIDAL<a>----------------------------------------------------                
20                                             nrsx                             
95.0000 0.00000 0.00000 0.00000 0.00000            tau0x,tau1x,thet0,thet1, hpfa
0.00000 0.00000 0.00000 0.00000        hlatex(1,im),im=1,nmodes                 
**** END OF CRYSTAL DATA FILE ****


  N & B FOR MODE  1 IN PHASE  2
     0.866     0.500     0.000       -0.500     0.866     0.000
     0.000    -1.000     0.000        1.000     0.000     0.000
    -0.866     0.500     0.000       -0.500    -0.866     0.000
  N & B FOR MODE  2 IN PHASE  2
     0.000     0.000     1.000        1.000     0.000     0.000
     0.000     0.000     1.000       -0.500     0.866     0.000
     0.000     0.000     1.000       -0.500    -0.866     0.000
  N & B FOR MODE  3 IN PHASE  2
     0.761     0.439     0.477        0.531     0.000    -0.847
     0.761     0.439     0.477        0.266     0.460    -0.847
     0.000     0.879     0.477        0.266     0.460    -0.847
     0.000     0.879     0.477       -0.266     0.460    -0.847
    -0.761     0.439     0.477       -0.266     0.460    -0.847
    -0.761     0.439     0.477       -0.531     0.000    -0.847
    -0.761    -0.439     0.477       -0.531     0.000    -0.847
    -0.761    -0.439     0.477       -0.266    -0.460    -0.847
     0.000    -0.879     0.477       -0.266    -0.460    -0.847
     0.000    -0.879     0.477        0.266    -0.460    -0.847
     0.761    -0.439     0.477       -0.091    -0.475    -0.875
     0.761    -0.439     0.477        0.531     0.000    -0.847
  N & B FOR MODE  4 IN PHASE  2
     0.761     0.439     0.477       -0.500     0.866     0.000
     0.000    -0.879     0.477        1.000     0.000     0.000
    -0.761     0.439     0.477       -0.500    -0.866     0.000
    -0.761    -0.439     0.477       -0.500     0.866     0.000
     0.000     0.879     0.477        1.000     0.000     0.000
     0.761    -0.439     0.477        0.500     0.866     0.000

 **** CRYST TEXTURE (FIRST FEW LINES) ****
                                                                                
                                                                                
                                                                                
B 1000                                                                          
 144.37   91.83  329.42   0.0004437                                             
 144.37   91.83  329.42   0.0004437                                             
 144.37   91.83  329.42   0.0004437                                             
 144.37   91.83  329.42   0.0004437                                             
 144.37   91.83  329.42   0.0004437                                             
 144.37   91.83  329.42   0.0004437                                             
    .........................
 **** END OF CRYST TEXTURE DATA FILE ****

IPH=  2  FIJPH     1.0000   0.0000   0.0000   0.0000   1.0000   0.0000   0.0000   0.0000   1.0000
         EIGNVAL   1.0000   1.0000   1.0000
         EIGNVEC   1.0000  -0.0000   0.0000   0.0000  -0.0000   1.0000   0.0000  -1.0000   0.0000

 UB ELASTIC STIFFNESS (VOIGT NOTATION)
  0.1483E+06  0.8038E+05  0.9502E+05  0.2372E+03 -0.1016E+03  0.1319E+05
  0.8038E+05  0.1410E+06  0.1027E+06 -0.2057E+03  0.1669E+03 -0.1177E+05
  0.9411E+05  0.9141E+05  0.1377E+06 -0.9891E+02 -0.9938E+02 -0.3989E+04
  0.2384E+03 -0.1905E+03 -0.8247E+02  0.4964E+05  0.3493E+04 -0.1229E+03
 -0.1012E+03  0.1712E+03 -0.9473E+02  0.3493E+04  0.4727E+05 -0.1720E+03
  0.1319E+05 -0.1177E+05 -0.7866E+03 -0.1272E+03 -0.1732E+03  0.4396E+05


  ELASTIC ESHELBY TENSOR (VOIGT NOTATION)
     0.49695     0.07552     0.09902     0.00089    -0.00012     0.04835
     0.09766     0.46538     0.18761    -0.00055     0.00053    -0.06072
     0.12165     0.18527     0.44860     0.00007    -0.00012     0.00953
     0.00124    -0.00015     0.00048     0.27495     0.00911    -0.00036
     0.00006     0.00073     0.00008     0.00925     0.27024    -0.00048
     0.05160    -0.05761     0.01279    -0.00038    -0.00050     0.24934

SC ELASTIC STIFFNESS (VOIGT NOTATION)
  0.1435E+06  0.8322E+05  0.9253E+05  0.1941E+03 -0.1241E+03  0.1512E+05
  0.8322E+05  0.1311E+06  0.1027E+06 -0.1947E+03  0.1444E+03 -0.1629E+05
  0.9253E+05  0.1027E+06  0.1284E+06 -0.5734E+02 -0.6308E+02  0.7863E+03
  0.1941E+03 -0.1947E+03 -0.5734E+02  0.4903E+05  0.4195E+04 -0.1086E+03
 -0.1241E+03  0.1444E+03 -0.6308E+02  0.4195E+04  0.4619E+05 -0.2235E+03
  0.1512E+05 -0.1629E+05  0.7863E+03 -0.1086E+03 -0.2235E+03  0.4154E+05

SC ELASTIC COMPLIANCE (VOIGT NOTATION)
  0.1510E-04 -0.5442E-05 -0.6484E-05 -0.5376E-07  0.1110E-07 -0.3753E-05
 -0.5442E-05  0.2571E-04 -0.1671E-04  0.6878E-07 -0.3521E-07  0.6188E-05
 -0.6484E-05 -0.1671E-04  0.2584E-04 -0.1254E-07  0.2486E-07 -0.2340E-05
 -0.5376E-07  0.6878E-07 -0.1254E-07  0.5139E-05 -0.4668E-06  0.3431E-07
  0.1110E-07 -0.3521E-07  0.2486E-07 -0.4668E-06  0.5455E-05  0.1897E-07
 -0.3753E-05  0.6188E-05 -0.2340E-05  0.3431E-07  0.1897E-07  0.7937E-05

*** LOAD CONDITIONS FOR THIS RUN
50	3	0.01	298			nsteps	ictrl	eqincr	temp                                        
* boundary conditions                                                           
1	1	1		iudot	|	flag for vel.grad.                                               
1	1	1				|	(0:unknown-1:known)                                                  
1	1	1				|                                                                      
						|                                                                         
1	0	0		udot	|	vel.grad                                                          
0	0	0				|                                                                      
0	0	-1				|                                                                     
						|                                                                         
0	0	0		iscau	|	flag for Cauchy                                                  
	0	0				|                                                                       
		0				|                                                                        
						|                                                                         
0	0	0		scauchy	|	Cauchy stress                                                  
	0	0				|                                                                       
		0				|                                                                        

*******   STEP   1      *** NEFF=10 CALCULATION                

 xmctg after gr rate for grain  301
  0.9461E-02  0.1215E-01 -0.3901E-05 -0.5909E-05 -0.1589E-02
  0.1215E-01  0.2252E-01  0.1111E-04  0.4277E-05 -0.2982E-03
 -0.3901E-05  0.1111E-04  0.5978E-02  0.1703E-02 -0.4221E-05
 -0.5909E-05  0.4277E-05  0.1703E-02  0.1162E-02  0.3021E-05
 -0.1589E-02 -0.2982E-03 -0.4221E-05  0.3021E-05  0.4817E-02

 xmctg after gr rate for grain  302
  0.9461E-02  0.1215E-01 -0.3901E-05 -0.5909E-05 -0.1589E-02
  0.1215E-01  0.2252E-01  0.1111E-04  0.4277E-05 -0.2982E-03
 -0.3901E-05  0.1111E-04  0.5978E-02  0.1703E-02 -0.4221E-05
 -0.5909E-05  0.4277E-05  0.1703E-02  0.1162E-02  0.3021E-05
 -0.1589E-02 -0.2982E-03 -0.4221E-05  0.3021E-05  0.4817E-02

 xmctg after gr rate for grain  303
  0.9461E-02  0.1215E-01 -0.3901E-05 -0.5909E-05 -0.1589E-02
  0.1215E-01  0.2252E-01  0.1111E-04  0.4277E-05 -0.2982E-03
 -0.3901E-05  0.1111E-04  0.5978E-02  0.1703E-02 -0.4221E-05
 -0.5909E-05  0.4277E-05  0.1703E-02  0.1162E-02  0.3021E-05
 -0.1589E-02 -0.2982E-03 -0.4221E-05  0.3021E-05  0.4817E-02

 xmctg after gr rate for grain  304
  0.9461E-02  0.1215E-01 -0.3901E-05 -0.5909E-05 -0.1589E-02
  0.1215E-01  0.2252E-01  0.1111E-04  0.4277E-05 -0.2982E-03
 -0.3901E-05  0.1111E-04  0.5978E-02  0.1703E-02 -0.4221E-05
 -0.5909E-05  0.4277E-05  0.1703E-02  0.1162E-02  0.3021E-05
 -0.1589E-02 -0.2982E-03 -0.4221E-05  0.3021E-05  0.4817E-02

 xmctg after gr rate for grain  305
  0.9461E-02  0.1215E-01 -0.3901E-05 -0.5909E-05 -0.1589E-02
  0.1215E-01  0.2252E-01  0.1111E-04  0.4277E-05 -0.2982E-03
 -0.3901E-05  0.1111E-04  0.5978E-02  0.1703E-02 -0.4221E-05
 -0.5909E-05  0.4277E-05  0.1703E-02  0.1162E-02  0.3021E-05
 -0.1589E-02 -0.2982E-03 -0.4221E-05  0.3021E-05  0.4817E-02
IPH=  0  FIJPH     1.0100   0.0000   0.0000   0.0000   1.0000   0.0000   0.0000   0.0000   0.9900
         EIGNVAL   1.0000   1.0100   0.9900
         EIGNVEC   0.0000  -1.0000   0.0000   1.0000  -0.0000   0.0000   0.0000  -0.0000   1.0000
IPH=  1  FIJPH     1.0168   0.0003   0.0001   0.0003   1.0001  -0.0001   0.0000  -0.0001   0.9830
         EIGNVAL   1.0001   1.0169   0.9830
         EIGNVEC  -0.0183  -0.9998  -0.0015   0.9998  -0.0183   0.0033  -0.0033  -0.0014   1.0000
IPH=  2  FIJPH     1.0014  -0.0003  -0.0001  -0.0004   0.9998   0.0001  -0.0000   0.0001   0.9988
         EIGNVAL   0.9997   1.0015   0.9987
         EIGNVEC   0.2215  -0.9751   0.0146   0.9736   0.2203  -0.0593   0.0546   0.0273   0.9981

*******   STEP   2      *** NEFF=10 CALCULATION                
IPH=  0  FIJPH     1.0201   0.0000   0.0000   0.0000   1.0000   0.0000   0.0000   0.0000   0.9801
         EIGNVAL   1.0000   1.0201   0.9801
         EIGNVEC   0.0000  -1.0000   0.0000   1.0000  -0.0000   0.0000   0.0000  -0.0000   1.0000
IPH=  1  FIJPH     1.0340   0.0006   0.0001   0.0007   1.0003  -0.0001   0.0001  -0.0001   0.9663
         EIGNVAL   1.0003   1.0340   0.9663
         EIGNVEC  -0.0184  -0.9998  -0.0015   0.9998  -0.0184   0.0032  -0.0032  -0.0014   1.0000
IPH=  2  FIJPH     1.0029  -0.0007  -0.0001  -0.0008   0.9996   0.0001  -0.0001   0.0001   0.9975
         EIGNVAL   0.9995   1.0030   0.9975
         EIGNVEC   0.2210  -0.9752   0.0146   0.9738   0.2198  -0.0583   0.0536   0.0271   0.9982

*******   STEP   3      *** NEFF=10 CALCULATION                
IPH=  0  FIJPH     1.0303   0.0000   0.0000   0.0000   1.0000   0.0000   0.0000   0.0000   0.9703
         EIGNVAL   1.0000   1.0303   0.9703
         EIGNVEC   0.0000  -1.0000   0.0000   1.0000  -0.0000   0.0000   0.0000  -0.0000   1.0000
IPH=  1  FIJPH     1.0514   0.0008   0.0002   0.0010   1.0004  -0.0002   0.0001  -0.0002   0.9499
         EIGNVAL   1.0004   1.0514   0.9499
         EIGNVEC  -0.0184  -0.9998  -0.0015   0.9998  -0.0184   0.0032  -0.0032  -0.0014   1.0000
IPH=  2  FIJPH     1.0043  -0.0011  -0.0002  -0.0013   0.9994   0.0002  -0.0002   0.0002   0.9962
         EIGNVAL   0.9992   1.0046   0.9962
         EIGNVEC   0.2205  -0.9753   0.0146   0.9740   0.2194  -0.0573   0.0527   0.0269   0.9983

*******   STEP   4      *** NEFF=10 CALCULATION                
IPH=  0  FIJPH     1.0406   0.0000   0.0000   0.0000   1.0000   0.0000   0.0000   0.0000   0.9606
         EIGNVAL   1.0000   1.0406   0.9606
         EIGNVEC   0.0000  -1.0000   0.0000   1.0000  -0.0000   0.0000   0.0000  -0.0000   1.0000
IPH=  1  FIJPH     1.0690   0.0011   0.0002   0.0014   1.0006  -0.0002   0.0001  -0.0002   0.9338
         EIGNVAL   1.0006   1.0690   0.9338
         EIGNVEC  -0.0185  -0.9998  -0.0015   0.9998  -0.0185   0.0031  -0.0032  -0.0014   1.0000
IPH=  2  FIJPH     1.0058  -0.0014  -0.0003  -0.0017   0.9993   0.0003  -0.0002   0.0003   0.9950
         EIGNVAL   0.9989   1.0062   0.9949
         EIGNVEC   0.2200  -0.9754   0.0147   0.9741   0.2189  -0.0562   0.0516   0.0267   0.9983

*******   STEP   5      *** NEFF=10 CALCULATION                
IPH=  0  FIJPH     1.0510   0.0000   0.0000   0.0000   1.0000   0.0000   0.0000   0.0000   0.9510
         EIGNVAL   1.0000   1.0510   0.9510
         EIGNVEC   0.0000  -1.0000   0.0000   1.0000  -0.0000   0.0000   0.0000  -0.0000   1.0000
IPH=  1  FIJPH     1.0870   0.0014   0.0003   0.0018   1.0008  -0.0003   0.0002  -0.0003   0.9180
         EIGNVAL   1.0007   1.0870   0.9180
         EIGNVEC  -0.0186  -0.9998  -0.0014   0.9998  -0.0186   0.0031  -0.0031  -0.0014   1.0000
IPH=  2  FIJPH     1.0073  -0.0018  -0.0004  -0.0021   0.9991   0.0003  -0.0002   0.0003   0.9937
         EIGNVAL   0.9986   1.0078   0.9937
         EIGNVEC   0.2195  -0.9755   0.0147   0.9743   0.2184  -0.0552   0.0506   0.0264   0.9984

*******   STEP   6      *** NEFF=10 CALCULATION                
IPH=  0  FIJPH     1.0615   0.0000   0.0000   0.0000   1.0000   0.0000   0.0000   0.0000   0.9415
         EIGNVAL   1.0000   1.0615   0.9415
         EIGNVEC   0.0000  -1.0000   0.0000   1.0000  -0.0000   0.0000   0.0000  -0.0000   1.0000
IPH=  1  FIJPH     1.1052   0.0016   0.0004   0.0022   1.0009  -0.0003   0.0002  -0.0003   0.9025
         EIGNVAL   1.0009   1.1052   0.9024
         EIGNVEC  -0.0187  -0.9998  -0.0014   0.9998  -0.0187   0.0031  -0.0031  -0.0014   1.0000
IPH=  2  FIJPH     1.0088  -0.0022  -0.0004  -0.0025   0.9989   0.0004  -0.0003   0.0004   0.9924
         EIGNVAL   0.9984   1.0094   0.9923
         EIGNVEC   0.2190  -0.9756   0.0147   0.9745   0.2179  -0.0541   0.0496   0.0262   0.9984

*******   STEP   7      *** NEFF=10 CALCULATION                
IPH=  0  FIJPH     1.0721   0.0000   0.0000   0.0000   1.0000   0.0000   0.0000   0.0000   0.9321
         EIGNVAL   1.0000   1.0721   0.9321
         EIGNVEC   0.0000  -1.0000   0.0000   1.0000  -0.0000   0.0000   0.0000  -0.0000   1.0000
IPH=  1  FIJPH     1.1237   0.0019   0.0004   0.0027   1.0011  -0.0003   0.0002  -0.0003   0.8872
         EIGNVAL   1.0010   1.1237   0.8872
         EIGNVEC  -0.0189  -0.9998  -0.0014   0.9998  -0.0189   0.0030  -0.0030  -0.0014   1.0000
IPH=  2  FIJPH     1.0104  -0.0025  -0.0005  -0.0029   0.9987   0.0005  -0.0003   0.0004   0.9910
         EIGNVAL   0.9981   1.0110   0.9910
         EIGNVEC   0.2184  -0.9757   0.0148   0.9746   0.2174  -0.0530   0.0485   0.0260   0.9985

*******   STEP   8      *** NEFF=10 CALCULATION                
IPH=  0  FIJPH     1.0829   0.0000   0.0000   0.0000   1.0000   0.0000   0.0000   0.0000   0.9227
         EIGNVAL   1.0000   1.0829   0.9227
         EIGNVEC   0.0000  -1.0000   0.0000   1.0000  -0.0000   0.0000   0.0000  -0.0000   1.0000
IPH=  1  FIJPH     1.1425   0.0022   0.0005   0.0031   1.0012  -0.0004   0.0003  -0.0004   0.8722
         EIGNVAL   1.0012   1.1426   0.8722
         EIGNVEC  -0.0190  -0.9998  -0.0014   0.9998  -0.0191   0.0030  -0.0030  -0.0014   1.0000
IPH=  2  FIJPH     1.0120  -0.0029  -0.0006  -0.0034   0.9984   0.0005  -0.0004   0.0005   0.9897
         EIGNVAL   0.9978   1.0127   0.9897
         EIGNVEC   0.2179  -0.9759   0.0148   0.9748   0.2169  -0.0519   0.0475   0.0257   0.9985

*******   STEP   9      *** NEFF=10 CALCULATION                
IPH=  0  FIJPH     1.0937   0.0000   0.0000   0.0000   1.0000   0.0000   0.0000   0.0000   0.9135
         EIGNVAL   1.0000   1.0937   0.9135
         EIGNVEC   0.0000  -1.0000   0.0000   1.0000  -0.0000   0.0000   0.0000  -0.0000   1.0000
IPH=  1  FIJPH     1.1616   0.0025   0.0006   0.0036   1.0014  -0.0004   0.0003  -0.0004   0.8575
         EIGNVAL   1.0014   1.1616   0.8575
         EIGNVEC  -0.0192  -0.9998  -0.0014   0.9998  -0.0192   0.0029  -0.0030  -0.0014   1.0000
IPH=  2  FIJPH     1.0136  -0.0034  -0.0007  -0.0038   0.9982   0.0006  -0.0004   0.0006   0.9883
         EIGNVAL   0.9975   1.0144   0.9883
         EIGNVEC   0.2174  -0.9760   0.0148   0.9750   0.2164  -0.0509   0.0464   0.0255   0.9986

*******   STEP  10      *** NEFF=10 CALCULATION                
IPH=  0  FIJPH     1.1046   0.0000   0.0000   0.0000   1.0000   0.0000   0.0000   0.0000   0.9044
         EIGNVAL   1.0000   1.1046   0.9044
         EIGNVEC   0.0000  -1.0000   0.0000   1.0000  -0.0000   0.0000   0.0000  -0.0000   1.0000
IPH=  1  FIJPH     1.1810   0.0027   0.0006   0.0041   1.0016  -0.0005   0.0003  -0.0005   0.8430
         EIGNVAL   1.0015   1.1810   0.8430
         EIGNVEC  -0.0194  -0.9998  -0.0014   0.9998  -0.0194   0.0029  -0.0029  -0.0014   1.0000
IPH=  2  FIJPH     1.0153  -0.0038  -0.0008  -0.0042   0.9980   0.0006  -0.0005   0.0006   0.9869
         EIGNVAL   0.9972   1.0162   0.9869
         EIGNVEC   0.2168  -0.9761   0.0148   0.9752   0.2159  -0.0497   0.0454   0.0253   0.9987

*******   STEP  11      *** NEFF=10 CALCULATION                
IPH=  0  FIJPH     1.1157   0.0000   0.0000   0.0000   1.0000   0.0000   0.0000   0.0000   0.8953
         EIGNVAL   1.0000   1.1157   0.8953
         EIGNVEC   0.0000  -1.0000   0.0000   1.0000  -0.0000   0.0000   0.0000  -0.0000   1.0000
IPH=  1  FIJPH     1.2006   0.0030   0.0007   0.0047   1.0018  -0.0005   0.0004  -0.0005   0.8289
         EIGNVAL   1.0017   1.2007   0.8289
         EIGNVEC  -0.0197  -0.9998  -0.0014   0.9998  -0.0197   0.0029  -0.0029  -0.0014   1.0000
IPH=  2  FIJPH     1.0170  -0.0042  -0.0009  -0.0047   0.9978   0.0007  -0.0005   0.0007   0.9855
         EIGNVAL   0.9968   1.0180   0.9854
         EIGNVEC   0.2163  -0.9762   0.0149   0.9753   0.2153  -0.0486   0.0443   0.0250   0.9987

*******   STEP  12      *** NEFF=10 CALCULATION                
IPH=  0  FIJPH     1.1268   0.0000   0.0000   0.0000   1.0000   0.0000   0.0000   0.0000   0.8864
         EIGNVAL   1.0000   1.1268   0.8864
         EIGNVEC   0.0000  -1.0000   0.0000   1.0000  -0.0000   0.0000   0.0000  -0.0000   1.0000
IPH=  1  FIJPH     1.2206   0.0033   0.0008   0.0052   1.0020  -0.0005   0.0004  -0.0005   0.8149
         EIGNVAL   1.0019   1.2206   0.8149
         EIGNVEC  -0.0199  -0.9998  -0.0014   0.9998  -0.0199   0.0028  -0.0029  -0.0013   1.0000
IPH=  2  FIJPH     1.0187  -0.0046  -0.0010  -0.0051   0.9976   0.0007  -0.0006   0.0007   0.9840
         EIGNVAL   0.9965   1.0198   0.9840
         EIGNVEC   0.2157  -0.9763   0.0149   0.9755   0.2148  -0.0475   0.0432   0.0248   0.9988

*******   STEP  13      *** NEFF=10 CALCULATION                
IPH=  0  FIJPH     1.1381   0.0000   0.0000   0.0000   1.0000   0.0000   0.0000   0.0000   0.8775
         EIGNVAL   1.0000   1.1381   0.8775
         EIGNVEC   0.0000  -1.0000   0.0000   1.0000  -0.0000   0.0000   0.0000  -0.0000   1.0000
IPH=  1  FIJPH     1.2408   0.0036   0.0009   0.0058   1.0021  -0.0006   0.0004  -0.0006   0.8013
         EIGNVAL   1.0021   1.2409   0.8013
         EIGNVEC  -0.0202  -0.9998  -0.0014   0.9998  -0.0202   0.0028  -0.0028  -0.0013   1.0000
IPH=  2  FIJPH     1.0205  -0.0051  -0.0010  -0.0056   0.9973   0.0008  -0.0006   0.0008   0.9825
         EIGNVAL   0.9962   1.0217   0.9825
         EIGNVEC   0.2151  -0.9765   0.0149   0.9757   0.2143  -0.0464   0.0421   0.0245   0.9988

*******   STEP  14      *** NEFF=10 CALCULATION                
IPH=  0  FIJPH     1.1495   0.0000   0.0000   0.0000   1.0000   0.0000   0.0000   0.0000   0.8687
         EIGNVAL   1.0000   1.1495   0.8687
         EIGNVEC   0.0000  -1.0000   0.0000   1.0000  -0.0000   0.0000   0.0000  -0.0000   1.0000
IPH=  1  FIJPH     1.2613   0.0039   0.0009   0.0064   1.0023  -0.0006   0.0005  -0.0006   0.7879
         EIGNVAL   1.0022   1.2614   0.7879
         EIGNVEC  -0.0204  -0.9998  -0.0014   0.9998  -0.0204   0.0028  -0.0028  -0.0013   1.0000
IPH=  2  FIJPH     1.0224  -0.0056  -0.0011  -0.0060   0.9971   0.0008  -0.0006   0.0008   0.9810
         EIGNVAL   0.9958   1.0237   0.9809
         EIGNVEC   0.2146  -0.9766   0.0149   0.9759   0.2137  -0.0452   0.0410   0.0243   0.9989

*******   STEP  15      *** NEFF=10 CALCULATION                
IPH=  0  FIJPH     1.1610   0.0000   0.0000   0.0000   1.0000   0.0000   0.0000   0.0000   0.8601
         EIGNVAL   1.0000   1.1610   0.8601
         EIGNVEC   0.0000  -1.0000   0.0000   1.0000  -0.0000   0.0000   0.0000  -0.0000   1.0000
IPH=  1  FIJPH     1.2821   0.0042   0.0010   0.0071   1.0026  -0.0006   0.0005  -0.0006   0.7747
